1208.88
1239.66
1172.24
1460.98
1282.96
1180.16
1201.51
1252.23
1214.82
1223.53
1252.33
1242.21
1194.71
1265.88
1246.4
1225.79
1211.88
1293.49
1185.23
1264.42
1181.88
1220.72
1204.51
1861.47
1234.96
1183.63
1475.73
1273.78
1251.63
1228.84
1295.92
1217.26
1228.52
1246.45
1196.42
1258.07
1182.27
1180.85
2359.09
1301.83
1186.14
1209.57
1205.71
1180.52
1184.48
1182.73
1229.21
1200.56
1243.61
1234.01
1227.94
1199.82
1172.37
1208.16
1185.55
1210.59
1315.33
1195.9
1223.61
1245.26
1183.11
1180.89
1223.65
1193.38
1196.21
1260.22
1198.66
1235.99
1178.17
1285.6
1210.59
1199.19
1183.32
2007.93
1234.02
1195.72
1191.86
1338.13
1206.08
1172.78
1219.26
2099.42
1297.72
1188.05
1228.79
1877.5
1271.4
1306.47
1223.95
1236.87
1297.88
1310.39
1276.02
1182.41
1323.63
1237.86
1255.87
1212.01
1262.86
1314.81
1172.67
1232.04
1177.08
1234.33
1241.07
1306.45
1265.13
1298.95
1281.72
1263.94
1230.58
1186.28
1207.51
1891.67
1219.52
1181.8
1184.94
1216.78
1331.53
1187.21
1191.7
1253.16
1210.86
1382.37
1222.39
1194.93
1252.88
1211.49
1175.91
1344.17
2004.3
1285.22
1235.86
1280.47
1903.03
1199.43
1247.85
1187.99
1204.68
1239.76
1268.24
1182.95
1172.64
1250.44
1235.19
1297.26
1243.08
1274.89
5380.55
1181.87
1301.14
1203.82
1213.06
1882.11
1307.97
1218.95
1246.59
1189.16
1213.13
1182.04
1295.93
1252.17
1463.78
1203.83
1188
2006.58
1310.93
1208.5
1233.85
1184.78
1242.7
1916.19
1191.14
1199.59
1203.49
1261.3
1229.15
1332.22
1253.46
1182.07
1288.18
1244.51
1249.76
1282.5
2372.44
1174.93
1176.48
1249.52
1232.57
1251.91
1200.58
1196.61
1186.76
1348.33
1175.08
1240.11
1204.7
1172.45
1238.57
1175.29
1247.93
1221.51
1231.05
1224.93
1977.93
1211.49
1184.45
2011.22
1310.13
1290.71
1213.49
1175.95
1187.38
1218.52
1308.97
1236.58
1220.83
1223.63
1173.63
1244.93
1280.59
1249.48
1197.75
1353.75
1239.97
1255.37
1281
1204.52
1236.69
1223.15
1355.39
1241.66
1186.09
1284.47
1195.78
1214.14
1177.83
1301.6
1245.58
1192.89
1213.28
1206.94
1199.71
1208.02
1184.15
1192.18
1208.83
1238.25
1225.55
1912.6
1340.61
1306.03
1240.19
1198.41
1283.31
1264.54
1172.74
1203.78
1183.37
1213.31
1316.43
1225.58
1250.32
1198.89
1212.58
1184.24
1172.66
1184.11
1910.2
1243.05
1186.99
1198.72
1219.87
1290.36
1281.19
1193.96
1174.08
