51.8587
52.0786
54.7102
54.4504
3939.86
59.5163
53.6727
51.503
52.3523
51.9293
52.748
51.6648
51.5748
59.2839
52.9088
53.1647
54.852
51.4435
53.4055
51.4158
54.1783
51.3814
58.9736
54.1356
53.3545
57.095
52.4426
51.5321
54.106
52.0168
51.3787
54.0009
57.6812
55.5776
56.6724
51.8216
56.787
56.8175
51.6667
51.5089
51.9807
55.6665
53.1793
54.6619
54.1011
59.1904
55.0541
52.1747
53.7196
51.7513
54.7296
56.708
55.0519
52.0548
54.4112
51.6648
51.2871
52.1534
59.2969
51.9403
51.7097
53.5171
57.219
3096.34
53.8725
56.0873
51.9059
52.0696
51.5106
53.8888
57.9188
51.3947
55.8058
52.9774
55.3728
51.6624
51.3542
52.0481
53.7626
53.2628
52.542
52.025
52.127
53.0274
53.8035
53.48
51.9518
53.4495
54.0451
53.0183
52.5689
53.2292
53.1731
55.0369
54.1241
52.5965
53.2475
52.3671
3292.13
57.5601
54.8938
51.6296
53.4149
54.4033
51.2738
52.7534
53.1666
54.1988
53.2382
54.8587
54.2067
55.8181
58.0125
53.4279
54.4441
52.484
52.1409
57.5984
51.3278
52.0825
52.4531
57.5933
51.3751
55.5762
53.5363
52.2427
52.4423
55.6477
52.5783
55.5317
52.4652
52.2045
54.9779
57.4778
59.7163
52.3415
51.461
51.4659
54.9552
53.1057
53.1421
52.3327
55.0428
51.6587
52.495
53.0821
56.5788
57.0235
53.2162
51.5789
54.5831
54.1625
52.3427
51.8646
52.7047
53.9089
55.0939
53.1867
51.5925
51.3448
56.3072
51.7422
51.9689
51.8303
55.8396
3020.06
55.0982
52.2561
53.3217
52.5476
59.3377
55.8583
56.0226
56.0907
51.6963
52.349
52.0403
58.1077
51.492
54.6172
51.2773
53.8593
54.6689
52.6823
57.1839
59.4986
55.0566
51.7506
52.2107
55.8727
57.9464
53.5087
55.5205
56.9422
53.8393
58.1336
54.2548
51.5353
54.1637
53.6401
52.9246
55.8809
58.0069
52.8792
53.0136
57.721
3050.54
55.7899
53.1441
52.6178
52.2422
54.1109
54.7389
53.2409
57.3278
55.0329
52.2732
52.1312
53.912
52.1707
58.1071
56.3355
54.2882
52.2422
53.1452
52.5619
51.8999
57.9003
55.2543
3217.67
55.4361
51.8372
51.7602
51.4248
53.1499
51.6867
51.8094
52.4284
58.4748
53.1533
51.3688
55.5948
54.2431
54.6379
55.1527
54.4674
54.4116
54.328
52.2706
53.2425
55.4385
54.8291
51.435
55.9591
55.1617
52.095
54.8343
55.5149
3798.26
53.0099
54.1604
56.6515
54.0875
51.7454
51.2576
56.7795
57.2084
55.354
53.4186
57.5951
53.8835
51.5436
52.3612
52.2785
52.2279
53.4652
57.3439
56.7419
60.4154
52.0595
54.9124
52.789
53.9241
2954.52
52.7936
51.7897
55.8513
53.3574
58.7885
64.708
52.3457
52.872
53.2751
51.454
53.4809
51.5865
51.7725
53.4617
52.9113
52.37
55.1449
55.7461
52.6973
51.9859
58.4579
54.6753
54.7849
53.4841
53.2498
52.4288
57.1107
58.0674
53.5407
54.047
56.7418
52.0343
55.9791
55.4005
51.3033
56.455
52.2841
53.8782
59.3844
53.7375
3408.43
53.5003
51.669
54.807
53.1567
53.6168
57.2039
51.3226
58.3672
52.7714
52.9246
