1188.38
1191.02
1183.06
1180.07
1182.72
1215.36
1209.34
1328.9
1242.7
1197.5
1964.88
1217.7
1281.89
1206.21
1232.88
1177.05
1182.68
1182.35
1289.31
1181.72
1213.45
1260.68
1176.45
1324.29
1245.76
1173.35
1328.44
1276.3
1188.32
1382.09
1841.35
1270.47
1175.82
1277.42
1331.76
1230.8
1188.38
1201.64
1214.59
1920.91
1294.67
1854.48
1288.33
1206.43
1230.61
1249.85
1922.98
1293.38
1240.41
1249.67
1229.21
1195.58
1251.21
1186.03
1219.35
1358.24
5284.67
1282.62
1221.02
1294.19
1270.86
1251
1193.1
1279.9
1282.46
1194.32
1307.1
1212.52
1208.19
1192.86
1176.09
1181.16
1286.01
1264.83
1222.28
1179.49
1214.08
1206.5
1264.15
1214.47
1202.02
1283.26
1184.01
1177.2
1179.29
1185.56
1202.13
1204.34
1349.88
1190.14
1278.78
1236.17
1227.05
1275.91
1221
1313.58
1174.13
1871.59
1353.61
1238.08
1179.07
1250.46
1237.29
1336.96
1253.72
1231.67
1237.4
1210.6
1241.25
1190.21
1196.45
1184.18
1293.41
1234.5
1268.11
1177.7
1284.81
1297.59
1181.58
1185.39
1240.97
1176.57
1239.89
4202.56
2030.48
1336.31
1240.98
1295.08
1175.24
1243.84
1220.99
1183.77
1353.41
1220.63
1179.47
1254.48
1188.76
1263.28
1202.61
1243.31
1174.6
1174.29
1206
1193.16
1216.78
1190.53
2041.16
1202.87
1265.15
1258.88
1202.01
1224.4
1185.49
1226.22
1319.51
1401.78
1193.03
1314.51
1309.43
1224.82
1210.86
1257.73
1219.01
1406.63
1281.47
1239.05
1211.87
1218.1
1323.09
1187.58
1204.77
1244.32
1172.48
1265.84
1290.38
1179.91
1322.19
1235.14
1223.95
1241.08
1287.78
1181.61
1268
1183.48
1205.79
1205.32
1181.54
1245.62
1179.72
1257.95
1192.5
1271.93
1180.33
1221.53
1178.4
1186.81
1298.83
2162.47
1200.7
1203.24
1356.39
1225.15
1186.51
1236.3
1336.71
1415.92
1200.65
1182.9
1301.1
1311.52
1173.55
1215.62
1198.67
1175.37
1288.97
1211.57
1850.23
1189.02
1219.18
1307.32
1298.14
1228.86
1294.35
1183.58
1235.34
1198.22
1975.34
1220.56
1278.51
1294.51
1211.88
1195.68
1172.29
1222.55
1213.53
1178.64
1270.42
1326.79
1220.22
1335.54
1200.7
1206.69
1389.63
1180.97
1237.26
1220.1
1241.36
1185.61
1248.99
1188.46
1247.58
1182.84
1203.55
1261.61
1180.17
2057.13
1292.23
1253.79
1331.95
1227.74
1858.78
1313.28
1214.18
1258.63
1236.07
1201.22
1285.9
1178.6
1241.28
1360.36
1239.92
1194.47
1191.46
1339.95
1223.78
2391.95
1235.29
1199.12
1172.51
1278.49
1333.3
1173.58
1182.88
1386.49
1188.4
1223.53
1218.45
1243.16
1226.11
1177.82
1196.84
1276.46
1263.05
1297.5
1276.59
1245.24
1343.89
1376.9
1177.07
1232.65
1218.6
1187.6
1982.74
1175.58
1302.1
1189.78
1270.05
1193.53
1225.05
1349.78
1219.59
1204.25
1306.87
1341.03
1201.15
1172.25
1321.76
1217.93
1285.79
1288.85
1241.1
1244.2
1247.47
