11451
7439.83
31781.9
1314.91
1258.86
4252.6
1423.37
3366.67
1391.41
2125.73
1258.03
20321.3
3178.51
46984.3
21764.7
4239.94
23676.2
6700.32
3852.66
4380.33
67634.9
2638.04
2553.8
1255.01
3983.65
3178.7
1375.58
13590.7
28458.5
1252.64
8424.01
1299.84
3499.34
295.406
1907.71
9911.78
17549.1
8554.46
6968.42
2226.28
83.0855
1380.01
1685.09
1857.34
17586.9
1261.7
13097.7
2009.87
1891.65
13509.4
7228.92
15386.3
1443.71
9462.12
1723.87
1288.79
2977.06
27423.7
414.065
18599
17349.2
4287.3
8078.42
1182.07
1265.42
2194.99
26190.1
4236.51
2238.32
1834.41
1482.35
6547.47
1505.5
1375.3
9908.53
3769.59
3240.95
4096.49
4704.77
1252.18
5274.15
2400.86
1250.97
1418.86
1911.47
1895.43
6164.13
1998.38
2121.94
1249.85
12612.6
4796.04
4222.51
1294.23
1257.17
31128.9
853.848
6429.22
5718.31
1441.16
6108.89
14933.6
4074.57
7868.14
18637.4
43131.6
1762.97
1695.59
4238.6
39080.1
2345.55
1324.31
7515.05
23420.1
9638.47
1304.05
45942.1
13174.9
2170.1
1730.46
14177.3
1264.59
1280.69
3395.06
22940.6
3867.8
15594.7
3358.96
1357.88
11537.7
36996.6
3090.49
2642.87
1577.99
2180.36
3508.24
4923.7
31117.6
16616.6
4503.54
4237.36
30101.6
1313.79
2234.99
957.499
13625.3
5985.65
32919.1
7784.27
2331.56
14459.4
2586.81
1252.32
4411.65
5878.08
3039.84
162.28
1762.22
35970.6
1335.21
1313.99
719.59
5129.34
22287.6
8700.15
1320.66
2911.9
2324.19
1435.61
2465.12
3786.67
13533.8
1337.71
2050.42
1821.18
6240.57
2087.65
66860.4
2282.34
2461.07
1252.54
799.59
785.605
8734.65
1257.65
19583.8
1254.1
311.414
1993.74
2745.69
1517.02
5095.33
3951.78
25077.2
1271.28
24345.1
1872.1
509.509
2128.81
2348.15
3972.72
1856.38
16283.5
1653.6
2597.76
5277.04
4230.07
2863.95
22962.9
15560
15114.9
2263.34
20557.1
3829.5
1435.86
35632.5
6706.2
12733.5
2135.85
9940.25
6944.7
17622.6
1379.75
9887.47
20401.7
1276.23
5553.78
3016.1
1396.26
2415.48
11695.7
19932.4
2004.88
1507.69
3529.5
2661.02
14626.3
2304.15
8398.57
10467.1
16431.4
33866.2
2326.28
1461.98
1318.36
24126.4
6480.45
1830.98
27620.4
2993.61
2255.93
23709.4
4237.1
5787.79
20292
4579.6
1389.95
40173.3
13373.6
388.747
6556.23
2227.22
1681
32596.5
2432.43
1961.55
2793.92
1710.08
22492.2
1249.51
29057.7
1282.45
9981.48
34050.9
1808.62
4105.2
1083.86
2148.49
4272.8
2126.6
17672.1
3850.23
597.047
2467.31
5937.72
7124.55
1358.03
1882.68
1519.69
1854.88
7524.09
21070.1
9466.5
5168.37
2420.64
3598.92
27954.4
1313.28
28894.2
2029.41
3976.79
8119.76
287.488
1474.31
2054.4
21513.8
3629.68
15428.2
21875.9
1292.22
1698.73
1410.95
2327.19
1660.33
23992.6
3644.65
10397.6
2152.56
3691.99
2556.35
1288.23
436.842
2243.48
4207.34
2243.4
1927.83
2680.15
1251.96
2106.56
1578.9
835.388
1408.66
16498.3
17668.4
11869.1
1339.76
2600.05
4695.55
22759
1257.2
1385.23
1313.68
2423
29456.6
1484.69
1257.19
3413.41
4276.05
3636.1
15497.8
103.676
1394.39
38057.5
14.0849
7736.71
2373.46
8872.35
1008.93
2091.92
28445.1
3516.42
16932.4
15100
5596.04
1580.5
295.732
29866.6
1250.11
9573.8
4217.96
5173.97
27886.8
1354.44
853.249
4024.35
62186.1
16910.8
1314.1
1544.82
3695.86
11308.5
1303.11
2244.14
9672.12
2124.05
20887.1
467.533
3086.93
1347.17
4145.21
5704.28
14890.3
14947.4
1251.48
25256.6
1395.75
5560.74
11390.6
19621.8
1272.12
1397.81
3550.73
17261.2
1297.97
1793.05
2439.53
1292.77
3762.83
23193
5765.68
7722.7
19199.3
4223.05
26834
1701.08
1263.05
2607.09
15993.2
3817.5
8988.02
16212.2
3883.61
3726.27
15057.8
1115.64
10895.2
2587.51
3707.22
1269.28
47352.3
10994.7
23569.3
1401.92
1305.93
17358.4
1337.43
50867.7
1969.4
11483.8
2731.26
15742.9
545.092
18835.6
1284.77
2040.56
10306.8
4225.56
3538.48
1523.44
1301.47
18403.4
171.469
2310.41
2065.28
1287.3
1956.85
9926.88
25611.1
2859.13
1249.49
2174.56
438.196
413.291
1260.33
2395.33
17891.9
8705.06
8105.22
5914.84
1410.93
3094.42
6047.02
3808.95
4835.91
14689.8
13388.9
11590.7
49852.8
2193.91
2152.54
20748
3285.11
11080.2
2427.04
2151.96
1974.6
2082.79
14326.8
1254.89
1252.07
4670.62
2571.62
1621.9
24769.3
1273.98
6172.17
2208.03
12689.5
36971.6
8983.08
4325.86
1886.42
4059.18
4229.9
6197.53
9059.85
1681.16
10895.1
1369.78
17435.6
5492.07
2160.61
1866.84
1289.59
28613.8
1282.65
2008.39
10136.5
3534.1
1253.24
1516.36
5647.13
14619.9
1252.16
1748.03
1917.67
1772.74
2022.09
27051.3
1347.59
18779.3
16320
11296.4
4220.5
1840.59
21819
9950.84
6853.31
1556.43
1829.19
13760.1
18123.2
1254.45
3407.85
2384.51
1268.94
12653.4
1288.5
3929.81
17832.6
1647.76
5143.56
8549.67
3598.6
14911.9
2127.79
1356.9
6062.23
1358.24
11902.1
1333.99
14589.4
18639.4
2724.29
360.209
279.839
21957
40.388
6622.63
12565.4
5961.39
12274.9
1381.91
1275.87
23369.5
28305.7
3857.37
3703.82
10346.3
26164.9
1474.47
13256.5
6555.06
4756.71
1799.73
1322.11
16579
1315.47
2487.61
30088.6
1873.12
4326.67
3985.85
1299.74
3002.31
2639.61
1260.84
4937.86
1293.62
4225.05
12268.7
4967.33
4684.21
11712.9
1937.82
2132.96
1455.95
19385.5
6494.85
1307.95
1808.96
9492.55
2160.42
68037.7
1959.93
31480.3
6709.56
10758.1
2157.81
5937.58
3992.98
31224.3
31807.4
1295.98
4240.41
8674.31
10687.8
29891.1
683.591
1273.5
18095.7
4502.62
1945.67
35287.6
1727.81
4482.82
5831.68
4120.55
2364.11
4945.03
1349.57
6333.5
4253.47
1407.97
3493.72
22038.3
1803.05
1306.6
10937.8
37831.5
2232.82
7431.51
4241.9
4254.51
2409.62
1222.45
4222.43
14393.9
1966.51
6528.2
1343.3
2960.74
4224.66
1364.56
1307.5
19392.7
4227.55
3232.89
895.776
1388.74
1285.84
9434.77
2125.59
8573.67
16674.1
1710.35
4038.92
3978.82
855.643
7910.41
1967.5
25343.8
3283.48
20005.3
45422.2
130.683
13001.1
3536.51
1332.12
3891.68
3459.73
17375.7
1671.57
41661.1
2219.16
2222.85
9220.7
29182.9
4236.41
1358.81
2507.7
4266.4
3467.5
2111.41
2365.27
40854.6
2236.8
17295
1434.03
1481.98
1023.48
1432.79
1665.96
2158.41
1855.51
34158.2
1973.9
1262.47
67939.3
1294.45
22767.6
1291.23
2322.06
1621.18
13650.9
4134.42
2110.41
258.15
15397
8154.28
1259.74
1252.95
4923.62
26940
793.96
35286.5
8080.53
1722.3
1343.8
7792.94
3053.08
2208.13
17853.6
1561.33
13377.1
21845.2
1863.37
14560.2
0.376099
19780.5
2443.47
1309.08
4564.05
1607.19
12082
3395.85
1543.15
4755.42
4536.1
787.371
182.801
16596
9350.25
31764.5
7940.1
1263.34
1256.82
1344.58
1701.2
11305.8
2232.24
1694.89
20526.7
6368.55
2153.54
6483.82
9541.47
3354.99
28785.8
1936.19
1887.61
31867.3
8018.96
1260.91
31147.3
14726.1
2292.13
2066.92
5744.43
5328.81
20441
1276.65
7378.51
1514.04
60733.9
1253.48
5102.78
1816.6
17083
1380.88
1576.68
1345.23
10867.2
14021.6
1540.39
1737.24
1940
7317.43
23494
12690.6
1373.93
19.7421
6156.57
2355.18
15030.3
1366.4
1872.69
2398.35
4153.13
1547.44
3707.25
3694.3
27934.8
5669.14
1257.09
1370.21
1299.22
3331.06
8154.17
1767.09
42624
520.873
1475.75
341.115
2005.47
12176.2
1367.85
12677.9
1018.79
17770.5
2114.07
1512.96
3026.5
2575.38
22448
1255
1374.43
12752.7
1765.46
14829.8
2150.82
13874.2
7999.98
1272.38
430.226
2108.26
1252
3259.88
2272.9
11163.3
407.705
1109.51
1697.57
876.805
4223.76
1943.44
1794.08
4697.56
4560.9
29647.7
10499
6961.28
1415.93
1335.83
1432.12
1295.71
1758.03
6150.29
28593.5
2342.8
2540.19
4283.92
4235.47
2400.63
1546.61
1346.64
47648.7
1955.01
2219.46
11694.7
2228.32
15748.9
4933.61
1085.98
35998.6
1269.05
3522.73
2315.93
1806.71
1689.96
1293.88
3899.71
21112.2
1458.61
553.524
1319.25
8212.44
27807.8
2578.6
9389.75
1401.93
4998.48
11268.2
1602.38
702.614
15320.8
2344.08
11079.1
2438.5
2524.41
1249.74
5486.56
2434.27
7770.52
1281.18
4525.14
4569.21
2304.69
17578.6
2738.77
18303.9
24179.2
9203.1
41497.2
4241.53
1803.48
24743.7
1484.36
1300.22
5231.92
4227.18
5743.02
57.7014
1959.78
1567.42
1486.48
2229.75
2401.62
1944.24
2166.43
1811.18
4290.46
1439.06
3815.49
17730.9
1301.93
1520.13
1471.4
1012.37
1122.71
1446.51
1368.12
5818.43
2418.59
4220.39
7524.27
15587.4
2270.9
4226.86
48235
3724.43
15887.5
23642
10766.1
2446.83
1280.22
619.313
1286.85
21052.3
760.888
25162.8
35261
1251.92
9409.7
5859.56
20520
4030.16
1423.4
1698.07
1491.6
2053.61
5625.05
5419.29
8073.98
6377.73
1748.48
8296.9
2394.1
8452.24
2715.86
12963.4
2256.95
69581.1
13746.1
2220.84
4226.46
23447.3
18127.5
8248.46
11914.3
7880.57
1820.54
1588.93
2565.6
3357.98
8123.28
12402.7
33963.1
1930.97
1255.59
1298.29
1823.14
2887.12
2141.34
8996.72
4602.41
10861.4
1552.3
13321.5
2321.12
32913.1
1801.73
44077.5
1248.81
9010.54
7862.42
2422.62
4097.43
1393.5
11947
8458.24
1812.24
9883.46
1888.09
8253.55
3912.54
1252.97
19897.1
1328.67
9010.27
10256.1
1782.11
1290.41
1959.82
4047.2
1251.34
1754.2
10647.8
1730.89
1625.04
53509.5
1819.66
4260.3
4232.17
2144.17
2351.43
1354.52
5935.85
4875.7
14644.4
1684.77
4634.93
1252.78
19058.2
1317.14
347.813
1167.74
6592.08
3173.15
1720.64
7322.47
20073.8
1327.46
48560.2
7392.21
1705.23
2407.94
162.866
2885.74
2307.88
1257.14
1258.6
1509.77
2963.06
5019.38
471.608
67856.9
8729.15
1754.27
1383.88
6270.67
1249.34
2120.23
1323.53
1026.69
2457.31
1551.18
65741.1
2565.91
29022.1
6928.35
1392.48
39877.2
11035.4
19624.5
25090.7
44650.9
1455.97
2509.95
21556.1
1256.76
5330.76
2159.87
1676.63
10892.4
2065.34
4890.48
4402.19
16306.3
10421.5
3460.29
14180.8
4229.05
5034.78
2371.96
1679.22
27847.2
1368.59
15366.1
42959
4481.88
2450.86
13856.6
1248.13
568.213
21958.5
1781.54
1776.69
1251.09
5586.92
4257.4
325.877
8216.7
9631.64
13513.7
16567.9
10944.5
1382.83
10740.1
1815.55
1322.14
6456.81
15487.1
1881.07
4239.71
16682.3
7682.33
19645.4
4262
1820.58
1228.74
20177.9
10313.2
2627.03
22847.1
16360
9272.56
1616.11
87871.9
14279.1
2315.05
6894.21
1252.62
4258.95
3748.02
36129.5
1291.63
20432.8
19327.7
3273.39
1829.18
17313.5
161.3
1665.78
1306.7
6674.54
10902.7
2092.61
2167.47
19806
2228.99
1331.66
20010.3
10321.4
197.804
5415.08
451.119
8359.15
16882.5
1256.52
1256.98
10694.7
1722.53
47.7235
1542.11
1290.32
5577.28
38345
12601.9
1330.75
16804.9
44387.9
2729.43
504.837
1521.6
582.478
1365.65
17977
2132.45
29507.6
1995.36
3891.36
3331.91
2434.26
4236.57
2238.53
12178.9
16391.5
17239.8
19731.5
22041.6
2351.16
2320.82
30082.8
1747.61
11103.5
32624.4
2096.42
1310.36
59259.4
20491.6
14939.3
2026.48
30401.7
1883.28
271.614
1262.14
12784.6
2319.56
1343.02
30168.6
1804.93
1293.07
2647.33
46245.1
40752.1
25173.3
18729.5
1925.41
13328.2
16739.5
7148.29
1446.48
10948.7
15814.9
26085.3
1269.99
1320.3
14891.6
3260.01
16981.5
2099.21
1304.53
1362.98
4218.72
1363.33
11725.9
32557.7
1653.87
23909.4
25.2162
11202.1
1350.85
38411
53908.7
3162.91
1662.1
31616.4
1737.77
1286.3
18962.8
3506.26
1311.24
11241.8
2618.93
10307.5
34852.9
1263.54
4293.78
1500.84
1277.66
2167.35
1477.09
2666.44
1249.99
1253.43
58862
14847.6
1774.71
2240.34
1465.06
18692.4
3771.49
3876.07
430.012
2419.56
43380.6
2364.16
1260.27
1793.46
2342.13
22150.5
14184.3
2685.75
1516.49
20188.9
5421.74
1016.18
1628.15
2412.97
1719.85
5256.18
15046.7
1320.52
5824.49
208.022
1823.71
30310.4
1262.02
1359.86
1361.01
1412.54
1937.01
10058
4787.82
4064.8
664.902
2419.32
2907.9
8275.99
1274.02
1254.24
9478.09
1330.18
1329.06
38880.5
2181.24
10604.6
1830.53
1348.12
9295.21
1877.32
1271.08
1599.25
1879.44
1037.4
539.249
12493.5
19017.6
15971.3
2141.79
11862
2918.22
614.907
11889
36515.8
1430.06
69567.9
37940.5
2600.85
8474.92
2955.4
1326.76
1249.18
1254.25
18700.6
1249.15
9063.75
23071.9
2923.74
4236.83
7567.58
1388.3
32887.9
1675.64
840.557
8418.07
1508.71
1326.19
20186.8
1498.76
30202
357.523
38971
20445.8
3521.83
23921.5
18444.8
1250.52
4100.29
32003.6
1146.03
1829.11
1975.79
1350.75
4236.25
4795.95
14526.7
1587.62
2225.74
15686.8
11671
1484.9
22862.4
1411.51
22701.4
7666.09
21162.7
1703.55
21373.2
1322.07
1265.26
11245.4
2325.36
4250.67
9117.3
1017.02
4030.9
14049.8
1472.95
3505.57
1107.02
8373.82
7938.5
1931.53
1398.39
2145.86
1698.06
6622.78
19598.6
1264.12
4414.07
17424.1
2198.61
1644.96
7800.51
27394.6
1555.92
2221.13
1823.02
29527
14345.1
1458.05
16021.1
4074.97
4275.18
16254
3340.95
10137.1
4243.7
1320.02
14209.8
2244.72
2151.43
1671.86
387.078
8943.64
30707.5
1288.46
2167.37
2354.72
7209.35
4231.84
1838.13
17947.9
2122.31
10929.5
1762.01
1459.46
4653
2749.72
11583.8
4231.8
4222.09
54936.6
1731.71
1951.63
10116.1
14567.5
9480.24
10778.3
1395.95
33.4213
1634.82
2537.44
1288.27
1298.35
8283.16
1744.68
1302.9
366.794
16920.4
4693.95
1320.61
2215.08
1286.44
2516.2
2329.8
3572.55
2369.58
1334.16
2158.07
1251.41
3534.81
8446.57
16171.8
2260.61
1354.13
7005.87
27242.7
1330.98
4247.22
1753.78
2396.3
7261.57
6059.28
2115.21
42034.7
22937.3
1263.97
3160.94
2853.14
1483.19
4252.25
1119.74
1392.28
10114.6
10840.1
2306.7
5125.81
5352.19
1318.18
1215.13
23799.7
1259.59
26203.5
5769.71
5913.05
2641.17
11451.6
2818.35
2073.79
1603.02
25066.4
1251.08
10247.2
28366.3
8398.29
123.592
6582.17
1296.68
1894.55
39399.8
1266.37
5170.46
1686.05
1260.23
6147.65
1290.72
2501.63
1855.22
1376.06
22285.3
30803
2599.84
2646.52
1376.27
4180.55
2168.41
1483.23
2228.43
7307.33
16569.3
1536.03
27505.3
1250.91
1511.72
7489.91
1260.37
1271.86
10992.1
51774
27413.7
1258.79
857.314
1783.68
1343.73
1292.52
2359.27
1269.29
2493.92
21311.5
4230.87
381.822
1280.07
2257.28
1943.03
29373.3
6713.3
2991.42
2317.02
4275.75
1945.39
6108.55
6998.96
6182.15
3494.58
2335.71
4965.59
2328.03
1308.09
7870.53
19115.8
1413.34
7182.87
2350
1623.02
1306.61
8566.8
24344.9
13210.2
7487.76
10447.6
1754.44
4599.9
1327.54
1453.98
1282.14
2519.09
10248.8
1443.29
2377.13
38016.2
5826.35
584.798
13589.2
1280.7
1549.28
16938.9
1262.45
1317.13
20599.3
11.5951
1252.4
1895.8
1268.05
41724.7
1250.95
1339.16
1296.29
4195.87
2448.95
4242.74
500.389
2321.73
1338.1
1361.15
1568.09
686.411
4218.18
2118.65
8510.77
5915.76
4214.78
1856.43
1398.13
11690.7
2506.28
278.264
1364.77
15301.1
1520.92
15797.8
4244.31
2992.92
15300.9
4527.29
2072.36
2954.2
25589.8
50295.9
5270.87
1330.49
1447.13
2490.23
4088.94
1731.78
2434.23
1533.71
1353.24
1250.02
2357.3
3300.74
1316.22
2855.84
1251.91
4304.94
8563.25
1298.4
1946.43
9977.27
1284.26
23894
8180.09
1249.29
9504.84
1321.32
1322.27
1357.09
2934.14
899.78
13573.5
21168.3
1441.9
25972.4
1286.57
6363.21
753.751
3933.46
1301.56
2188.3
5664.14
1601.96
1299.7
6889.38
12994
2781.22
2755.23
1264.8
2480.54
1253.77
48698.2
7786.16
1289.75
23876.7
413.618
1989.64
1810.74
16927.6
23977
3193.8
7886.24
1892.84
16565.1
1286.72
2218.5
1309.08
304.913
15190.9
423.385
26009.3
1803.02
1782.35
2639.83
34246.2
2608.97
4281.25
58778.5
3246.63
6892.6
3446.06
1827.67
4153.86
2063.24
3549.18
1305.5
4798.29
1627.77
2026.71
45704.8
8248.12
1324.95
563.203
1782.29
3309.58
1262.28
1551.35
1250.13
8147.24
1251.18
1352.89
3448.78
3646.47
2560.86
2011.77
1622.17
14268.9
2056.59
2050.95
2326.33
226.631
463.643
8926.77
1318.85
12172.6
8002.27
13546.4
4231.22
4964.7
35902.3
13093.8
626.528
12231.6
4225.73
1255.31
3713.13
2082.18
19150.1
2522.87
1296.16
2194.02
1253.7
21288.6
324.876
5039.81
1259.05
5989.13
1247.3
1294.09
1306.31
15384.9
1625.9
2119.9
9598.27
2493.95
13371.6
3358.69
1293.42
1844.77
1787.26
1973.83
37274.4
34955.3
821.17
2045.8
1404.82
1672.47
1412.06
1680.08
16767.8
2153.65
943.812
5651.31
1296.16
1390.14
5579.38
1307.89
1665.88
1437.46
1370.66
1769.68
20438.1
1918.41
3637.75
9145.92
2511.09
10618.1
4007.35
4478.88
1440.03
9450.42
3651.05
14341.6
31264.7
14295.5
8654.49
3499.79
1652.42
1249.35
2380.52
1792.92
1354.42
1360.63
4264.63
18591.9
4218.11
2345.17
5961.89
4425.93
6629.28
45203.1
6901.1
27390.9
3222.77
3294.68
4986.09
887.696
11151.6
5451.76
1659.01
32358
9009.46
2459.04
627.702
1841.45
1025.26
2770.99
6734.93
1772.7
1290.09
1473.47
2076.24
1470.14
17648.6
5014.5
1660
6639.14
16606.5
1290.35
2335.12
37778.9
2551.73
19679.3
19821.9
1300.89
8694.18
44477.7
3240.2
2204.51
9824.92
2484.27
17672.4
3944.56
1285.07
1703.39
35319.2
32939
1251.39
1344.97
16876.5
17976.5
4750.3
1603.88
2337.17
7597.6
14918.8
3493.65
11072.1
25788.8
48481.3
965.163
1532.04
1682.97
31543.3
8696.17
1346.99
26487.2
4170.57
4242.88
2530.21
2503.41
18433.5
2088.07
4126.68
3512.19
1921.24
29519.2
1560.15
27202.6
2302.87
1366.81
610.47
14956.6
3448.42
2153.71
1061.35
1309.2
1749.63
12508.1
1689.39
14883.2
1787.03
16232.8
1721.19
1338.52
6480.84
2881.11
1527.21
14892.4
8028.27
1365.85
4220.63
1401.76
2149.88
1527.44
36382.5
4211.67
1251.94
1864.78
2008.1
10863.3
1442.66
2479.28
1253.27
2048.14
7129.53
4428.21
35557
1268
1952.74
9476.33
5415.36
1444.92
1679.54
19594.4
3436.83
8892.07
1473.44
1317.2
3131.17
2113.85
824.166
1265.68
1461.94
5133.87
6615.13
1354.59
7313.59
13680.7
1910.44
20294.5
1703.36
16220.4
2102.34
9942.1
32700.2
2460.21
1875.82
1393.32
7885.9
35811.5
4150.88
1362.37
21176.6
34682.6
3626.63
20960.7
1893.26
2268.43
28375.5
16880.1
16442.3
3477.89
1260.69
1310.43
5880.67
2046.29
8070.13
2345.85
14051.7
7056.74
37427.2
770.413
2130.42
1361.01
2013.06
4258.17
2111.26
2248.95
15963.8
1701.19
52020.6
2204.17
2585.36
10003
1328.75
3798.13
5306.53
4654.05
32187.8
13625.5
16309.3
21452
12330.8
5274.37
6648.32
2271.86
16633.7
817.834
7233.34
1415.99
3802.54
15565.4
22816
603.875
1269.04
1253.52
2270.83
2143.31
6980.09
1364.2
1365.21
1110.06
1967.45
2716.68
3717.61
1331.04
1973
43247
3037.52
19284.7
8042.88
1277.47
1272.16
1257.26
1909.2
5613.07
1287.98
30673.3
3269.79
1361.53
17442.4
7590.05
6411.58
14990.7
1726.99
7294.41
4934.92
3679.51
1288.03
12533.3
12608
2530.19
6246.93
30007.4
2124.6
2987.36
15031.1
1803.33
4223.17
1854.85
3813.75
1186.57
33311.6
34884.2
4257.77
15106.3
2136.66
805.78
21743.9
6848.76
13533
8039.59
4734.32
2396.39
1789.49
23799.6
9072.83
6177.55
913.559
6710.37
12691.5
1828.83
1942.54
2775.59
1734.23
1071.16
8085.96
4971.87
9834.78
10070.8
1560.96
15681.1
1616.31
13381.4
8627.33
3048.95
4617.91
1950.71
1492.94
26455.3
1250.97
15552.4
5590.06
34.7286
1443.51
2497.53
10759
11192.1
13707.1
2360.29
1418.11
6060.31
8819.15
2019.19
1386.93
2272.28
1255.22
1153.88
4220.99
9481.91
716.519
14951.3
17170.3
12733.7
4130.13
1782.17
4238.11
7738.55
1347.52
2226.63
1340.19
2190.11
19043.6
2118.47
3065.98
542.028
1885.38
44497.4
1253.27
1249.48
2817.13
2569.98
2097.47
2520.27
1714.16
1297.19
7480.52
20115.1
1849.18
641.167
2903.35
15370
1572.36
28866.1
68211.2
6821.07
2531.07
1758.99
4396.08
10170.5
26835
33175.6
1611.07
19566.8
2257.59
25022.5
305.363
3477.87
12668.4
2959.58
14779.2
17687.7
1561.86
33794.6
1951.12
2317.93
1010.19
835.762
1249.38
2323.86
2041.85
19244.9
1637.87
1573.81
37197
8118.07
1900.99
1260.64
19260.9
1700.36
1818
1508.85
11868.2
168.086
870.182
4099.92
4747.42
10088.2
21368.9
384.289
89.7588
852.936
1392.19
6404.59
1514.73
2437.04
1434.7
1265.2
1782.31
12800.7
878.312
1530.35
1255.12
33439.9
4231.67
46993.2
1262.79
5098.67
6182.73
1025.52
19687.8
2485.16
4284.53
9715.2
3058.65
1458.54
1654.76
1393.72
1278.75
1298.67
7087.04
2247.97
22614.5
3939.63
1263.78
1253.32
1598.79
13694.4
1258.99
2155.38
1560.82
4230.67
2174.48
8924.52
2202.74
2344.24
52237.8
3792.21
1853.96
2811.49
18929.1
5815.93
3714.87
2165.69
6673.18
65139
1316.63
2254.29
19777.5
1261.81
2011.14
22710.7
1361.84
3961.01
3709.2
1251.22
56855
7443.09
25703.3
1399.29
1766.59
1897.48
4215.43
2253.83
13923.9
1804.15
2111.47
12445.4
7245.93
14007.1
3785.18
1973.08
4233.09
2766.49
1250.29
8826.15
16046.1
4099.81
1422.64
17096.2
18344.5
1710.1
14980
897.819
11779.8
1601.45
12751.5
22721.7
9827.08
10460.9
12672.6
48679.8
1442.3
1357.31
18818.5
1749.27
3738.22
1312.04
11653.1
52966.5
2270.15
1387.04
1864.55
2017.77
2149.09
1260.07
34253.9
1870.11
37841.4
5866.2
2099.4
29338.6
2253.69
4891.6
1907.91
15849.9
170.199
2751.65
1374.49
5262.5
359.608
2552.57
2141.69
2487.84
2382.81
3450.63
1272.1
1772.85
1787.15
1561.77
1463.93
3271.28
5739.79
17248.6
2295.63
1819.81
1305.99
8039.08
3666.79
2646.77
15703.4
3434.37
34743.2
1322.65
3498.92
794.336
2890.85
6957.92
13660.3
11148.5
34964.9
1320.16
2959.91
10338
3737.21
1550.94
1828.73
1744.11
13561
13703.3
1974.46
30031.7
2362.91
3416.15
27989.9
7899.07
7298.34
2391.15
11057.9
2518.74
2343.8
1339.86
1253.81
11673.3
9414.81
2574.44
7247.89
6124.27
2514.08
34780.2
4242.47
1260.94
23886.5
2037.98
15950.2
23677.1
8945.45
13317.1
1315.4
23980.1
7755.72
2106.46
1882.43
1311.09
2018.04
2151.55
1535.49
3944.88
5660.45
46468.1
853.334
16496.1
1323.23
21653
3623.4
4817.65
215.285
1255
3526.04
14331.9
4241.25
6084.71
15116.1
1541.94
2179.73
20687.1
38832.1
10934.4
1469.75
2410.52
14367.8
9186.64
16432.2
891.096
1467.67
6060.83
181.06
1735.93
15218
6279.74
5396.88
1275.19
3401.29
4689.81
11062.3
2527.79
5624
4219.91
1927.96
22324.5
4263.94
16576.5
1538.74
37163.5
1359.11
4391.27
10415.4
10409.4
17373.2
2119.6
7923.31
1260.87
15577.8
11049.4
7738.75
1406.67
2347.94
1476.44
1289.65
7708.3
4007.13
1496.03
3834.95
34133.2
9758.34
15781.4
1251.1
1258.67
6611.38
27766.3
2372.32
7062.24
5486.62
6865.59
1480.05
12437.2
7510.5
4915.4
9537.14
16383.2
6138.43
3396.68
2641.39
947.826
16420.5
170.068
2098.02
1885.82
1681.2
36730.2
23838.1
7589.15
16148.6
1634.15
1368.14
4243.13
1275.41
1556.46
11528.1
2458.7
2692.73
1595.31
1634.48
21642.6
2688.27
6146.57
33274.1
1469.7
1281.06
1394.04
1475.37
3732.6
1506.06
1251.2
1901.46
3674.44
4516
1340.66
7945.69
1705.14
1485.9
2293.13
808.188
10722.8
1497.82
1257.74
457.373
12129.4
901.449
1283.51
16248.4
3444.6
54328.4
1449.47
6190.68
14237.4
5560.19
1764.8
5921.45
1814.03
1280.67
27048.5
2464.6
2131.29
8061.07
1260.41
1556.49
1290.9
1259.28
11747.9
5839.21
5800.71
5006.96
1321.49
6509.39
1266.1
11462.8
3951.87
6801.73
4847.14
43042.4
105.917
12231.3
48320.7
2722.53
1808.6
1735.83
2106.28
6893.94
2354.04
1336.63
1271.86
1251.15
4236.87
1253.38
1785.51
2001.11
107.349
367.654
2983.42
1911.66
1317.48
1328.8
9290.83
1474.86
1457.19
4232.42
25047.4
1251.29
1276.63
2350.31
62950.9
19700.8
3729.12
10983.7
1290.82
332.948
5032.45
1278.93
1731.02
1263.37
1341.85
2419.46
3754.12
1484.58
20577.8
1834.21
60028.3
13138
2433.41
4578.55
5991.72
15228.3
5875.45
2090.66
1003.04
4275.86
6687.98
934.863
2351.68
1266.21
1567.06
2281.72
2266.9
3550.36
29666
1121.65
8081.39
23279.3
10325.4
1984.45
1710.97
14615.2
27848.8
11351.4
4237.57
5040.13
28945
4279.1
1322.56
64039.2
1835.79
1656.12
1254.04
1578.08
5493.63
14159.7
1715.9
21295.6
25960.9
1266.67
18137.3
17851.8
1854.06
11125.4
1845.96
45501.7
2041.96
13732.8
3364.39
1778.13
1251.22
1628.06
1313.75
1588.92
2190.73
13980.7
469.779
1938.89
443.863
9327.68
1680.88
10686.6
3582.97
1873.95
4745.82
2329.14
5086.28
15059.5
31.5391
1252.15
1916.21
1440.53
1962.37
1289.9
11285.1
20075.2
11965.9
25792.4
4390.36
3274.23
1302.38
10654.1
20945.6
4227.32
1893.1
11567.7
4173.31
1966.78
2400.91
2140.93
39268.3
16376.4
2186.93
1317.37
1760.08
8920.05
1688.69
5349.55
12333.4
3607.07
986.012
2483.01
2529.82
1251.41
2696.23
14975.1
2194.19
1971.19
6299.18
1297.1
2336.11
1353.45
1455.63
1369.27
3486.59
4551.1
2255.24
1878.43
1533.49
1163.37
61340.5
1266.12
1249.22
2190.12
1840.4
1694.81
1731.84
1352.03
3859.86
481.699
2939.78
4221.79
11770.2
37313.9
1821.84
27662.7
8370.1
3769.92
1593.09
19.1622
5301.84
2759.42
8465.45
3863.29
1677.58
7752.19
2521.39
10194.8
7988.79
18110.7
20611.1
1808.42
1306.9
5938.58
17803.4
1257.36
2882.99
1675.17
6739.27
1548.06
2167.44
9135.13
30373.6
1453.01
1510.27
29233.4
7865.98
6818.16
51674.6
1427.61
2055.56
1083.17
2123.78
4943.98
120.889
13095
2515.81
624.926
4434.99
17809.8
10469.1
17479
25069.5
17496.5
1820.38
1379
9443.7
1947.46
1607.48
1275.72
23275.7
1276.85
7366.5
1351.61
2300.59
12503.7
1429.24
4660.53
38356.1
1302.41
7586.22
31949.3
12349.5
21547.9
8047.84
9892.05
4080.64
1255.1
4935.8
29033.8
22813.3
22872.2
1895.84
20104.2
32071.2
14419.7
1251.71
4064.49
3207.76
14816.4
27944.6
8528.1
8754.84
6447.58
2113.49
11568.5
26063.3
28133.1
3868.6
1828.24
1253.79
2289.9
2103.73
8208.66
5842.72
7907.59
1351.65
2103.38
8319.73
1530.4
53783.6
1751.99
1255.78
2274.81
955.874
3048.93
20132
6091.29
2318.01
1400.37
4274.36
5434.09
1465.76
1549.8
4254.56
16874.4
1269.57
29996.9
10264.7
3914.14
306.477
8685.41
9532.83
11952.7
2277.29
674.356
1253.24
29961.9
1775.61
1289.18
4221.58
14751.9
18402.7
1523.66
57497.7
2392.01
1674.85
2473.41
8451.39
1807.06
11230.7
13321.3
1951.12
2347.44
4188.23
6056.35
1251.95
1963.53
2684.31
5198.82
1934.37
1407.52
16.2787
2659.37
2358.49
1308.16
1400.48
1265.59
1766.31
1323.02
2880.8
3290.1
1622.13
1326.78
3208.13
2116.9
26555.1
17347.8
1344.14
4060.28
6960.17
14812.1
30146.8
5719.47
1258.42
2739.92
14855.7
2296.98
5538.5
12073.9
3799.98
1267.95
28806.3
1885.09
4485.13
6385.21
1254.71
502.356
2412.45
1986.33
1741.43
2001.21
29180.6
1829.94
5249.01
2583.85
2007.18
1425.24
32272.6
1676.01
16904.7
3666.31
8086.13
21961
1326.5
5854.2
2397.05
2170.55
1548.58
1350.68
2344.16
2188.33
7216.91
26449.8
1421.47
4470.25
7791.12
4756.73
6333.82
9167.4
4119.25
1274.47
1310.76
2501.73
4347.08
22860.8
1443.57
2242.29
17938.5
1574.92
1849.23
668.452
8810.31
26052
2183.9
42143.9
4792.47
13530.8
1704.43
4213.33
1309.73
11499.4
1865.99
804.62
3620.11
20242.3
2019.78
1488.15
7275.01
4563.73
3446.65
2076.08
45464.2
3326.34
4282.91
1293.43
4232.93
20139.7
4184.7
2199.46
17276.5
1541.34
3296.33
2155.18
1547.22
36882.5
2085.81
18323.5
6103.53
2351.24
1885.92
1981.75
2376.25
14084.4
32460.9
1977.13
1257.5
1670.53
96.4723
6266.45
7512.13
58623.6
2309.37
1452.56
3524.06
24144.5
1336.12
33868.4
1530.15
1557.39
8891.09
3951.48
504.149
4214.87
14828.3
19885.6
77882.2
533.553
1227.17
6093.7
5995.29
4605.13
884.117
2631.79
32058.8
8812.41
1274.95
12692.9
2310.51
1460.74
2175.55
14998.6
5014.62
2510.26
1279.3
23329.9
2703.48
405.977
8069.3
20827.4
4605.8
4877.48
1317.43
1251.98
1270.46
281.225
1576.78
17951.8
1254.02
15730
1526.65
55272.2
28802.5
1250.31
6273.95
1943.75
31331.2
8378.85
1297
2581.89
26039.9
38610.9
428.667
1817.88
2045.37
1256.5
11345.8
1468.17
2012.21
6344.44
2100.95
18132.5
64.0795
1349.19
20603.4
21305.2
22600.3
11230.1
2870.71
4437.3
9453.14
6006.44
10206.4
12217.2
3961.25
12493
8961.4
11139.5
10226.5
1150.93
44982.3
6787.65
16489.2
11537.9
6467.9
1462.39
1481.95
4213.03
2168.91
1560.52
4248.49
7715.41
16663.6
2160.67
718.478
1296.31
3852.79
6936.16
1785.42
634.115
4101.24
1293.13
8330.68
9226.53
526.958
2519.75
1741.15
1638.25
2180.5
205.519
4121.45
1781.5
10769.2
3695.24
10973.3
13330.3
5967.95
4194.31
1936.88
8940.54
54417.9
5197.22
1475.37
2845.13
3981.19
20220.1
1263.22
1193.19
1252.1
2127.77
5241.61
6568.84
2144.78
7924.75
4196.09
23706.5
1596.95
4253.04
5817.19
1272.69
1681.46
889.053
2092.87
10348.8
9193.36
2209.71
1281.28
765.698
34122.9
8393.7
4228.83
8651.12
26196
22820.8
10560.5
4229.99
1387.48
1488.45
1317.41
14080.6
1953.39
2907.06
6628.08
1305.93
2272.38
9396.02
61305.5
1475.61
2404.79
1568.08
1608.38
2545.98
6690.06
3656.97
4248.27
19759
13079.7
1494.86
8946.05
24850.9
1035.95
1257.26
22223.5
1285.54
78681.8
1166.7
14282.2
1676.05
10353.4
4987.84
28477.7
1872.33
1311.56
2385.11
2065.29
6001.79
2047.68
2352.72
2414.17
23714.9
2140.82
8661.62
1252.67
8837.38
5816.72
1411.94
2257.74
12525
1474.57
3948.27
7648.37
1255.97
24450
29423.9
1433.95
41857.7
1315.42
404.981
1353.44
1481.9
14462.7
10191.2
2249.06
10710.7
2120.4
4275.71
2327.76
1336.97
1372.56
25038.7
6561.83
30915.8
29209.3
31675.2
8998.23
1603.03
3564.18
4287.36
3288.7
1875.61
2096.63
4247.36
29905.2
18136.6
1323.45
1254.53
1343.02
2191.52
9070.68
57162.5
2318.38
4248.36
15270.2
44935.4
707.658
1819.53
1414.63
4992.42
2376.85
2314.67
24638.9
3061.62
21861.4
3202.99
8784.02
2022.08
7136.87
2201.77
1258.22
7348.53
2114.11
27302.7
2248.9
27122.7
1263.83
3402.76
9677.66
8141.97
3481.23
1966.2
1545.86
33800.8
1436.35
1908.19
2465.31
6042.66
23182.7
11164.3
2168.75
1793.98
4018.79
14884.3
3836.34
14949.2
1254.21
1250.93
15992.6
1313.06
2232.71
1490.89
32359.9
1259.95
24185
1275.32
2416.18
1329.39
14312
13538.4
1250.97
8579.28
2452.56
20351.1
1767.92
13666.8
1195.68
26432.2
2270.73
23435.8
16367
2192.71
17646.7
1250.96
2287.73
1363.01
22629.6
6008.17
1351.38
1753.4
4716.66
1268.13
7443.49
3479.69
48441.1
2361.81
12477.8
1254.67
41751.7
3768.71
1810.91
1354.56
8430.72
36970.2
4255.8
15262.6
1401.63
4676.83
10029.1
24823.8
1895.76
23676.3
14409.1
1882.69
10813.6
91348.1
1254.39
45626.3
698.31
1289.23
1288.03
1260.29
7072.18
2026.08
1321.56
979.746
1549.07
557.813
44097.7
9550.02
1858.25
4308.2
1755.06
17113.6
1289.19
28814
1766.84
69092
8032.94
1607.75
2216.06
1388.46
12697.9
1256.98
1547.03
1701.53
1370.89
24204.4
1303.59
36182.2
43584
1954.92
10488.8
1886.61
12850.8
1742.87
1362.6
1333.46
2858.4
2347.26
1990.46
6489.89
3950.71
2482.23
4121.83
1284.51
53338.7
18445.2
1494.3
1269.28
4232.25
8071.73
1527.29
17910.3
14101.5
57812.7
2296.11
4243.14
4536.67
5854.18
11478.1
1279.51
6660.77
3717.48
18796
18038.1
7838.9
1789.62
4099.14
498.718
3927.58
8406.7
3379.87
1507.06
1286.62
832.059
8316.02
1287.34
3791.44
15171.3
3381.01
25676.7
46738.1
1414.12
5932.88
10032.4
2781.38
714.621
1923.95
1690.02
5174.16
1614.61
2654.79
24710.3
4252.58
1299.76
26504.1
10666.8
4207.22
1289.37
39023.8
2204.37
1462.11
1256.98
53290.8
20495
2075.83
2256.21
1337.63
1840.01
3849.44
2351.38
1261.43
1742.5
7508.11
1753.97
413.386
2802.26
183.288
1506.69
24767.6
8540.29
2159.84
31483.4
5896.78
54107.3
19643
32525.8
1426.9
4087.27
4322.93
14858.4
6921.06
2432.31
2449.98
19079.3
1329.55
3622.89
11152.8
2136.28
50007.4
2089.04
4136.87
747.109
9604.72
12966.9
1844
1303.62
4230.93
24115.5
2696.78
1526.15
1864.5
19202.4
2144.02
14400.9
1278.33
1851.67
6233.75
4259.91
2381.98
825.431
19394.3
1728.74
1278.63
24354.7
1846.7
6776.51
1233.28
5808.44
34419
2240.11
15859.6
1292.32
7191.66
12552.9
24750.9
4234.96
1297.41
2301.35
2046.95
10534.1
1675.36
1366.86
2141.15
1320.12
7529.2
47815.1
8611.23
17063.1
1404.94
1305.18
855.403
5138.81
1909.7
22377.1
33071.3
2011.42
28806.3
8757.81
20116
1959.13
4199.9
4459.95
8763.61
1417.58
1645.18
171.043
4380.23
13531.1
4852.29
48897.3
1017.59
2298.38
3486.79
2528.28
1659.13
4237.61
1773.6
1329.87
2236.37
29338.7
2256.31
1460.05
726.431
4231.48
4242.79
3630.69
15782.4
1996.77
43588.5
10451.8
24483.1
3535.81
2324.87
6794.05
1251.28
380.56
2351.72
4215.14
10673.6
18783.1
9538.94
9101.58
25676.4
11160.7
1664.13
3540.59
9547.21
15739.6
4233.73
1879
2502.48
2346.16
1014.22
3443.99
333.086
1604.15
2292.94
4232.41
1284.72
1316.99
1196.35
6235.49
1768.8
2681.55
2283.29
7580.89
1886.97
1078.63
2471.91
1903.91
16589.1
14491.1
172.329
2521.62
2237.51
4504.12
3193.31
2227.57
7327.5
10019.4
2969.23
1253.84
2210.69
1093.05
1765.44
4310.44
3934.04
1475.58
1305.25
1919.54
1679.27
1255.93
3272.14
1268.41
8646.47
1968.98
7755.02
4230.3
10679.6
1786.23
2507.81
2311.02
1448.99
1689.35
4278.77
1258.19
12114.8
9474.05
1257.94
1266.32
5019.01
1310.49
59082.2
17466.4
3852.42
1283.43
10667.3
2192.43
2131.27
1622.83
14546.3
1988.21
1252.19
1367.89
5227.11
8274.88
1711.62
3966.1
4218.01
11998.1
1252.44
1576.43
9252.27
1869.71
1283.73
18472.1
257.075
1330.9
3706.5
2587.13
11376.3
3801.6
12002.5
21626.9
40898.6
37800.8
5407.81
114.76
42215.5
1807.17
3089.25
1297.93
7353.89
6176.29
1564.39
21071.8
2104
2454.75
17497.3
4169.42
1347.69
503.103
9414.7
4293.67
3334.71
1298.24
1022.8
3091.41
870.036
1317.68
1992.85
5633.76
4167.92
1643.56
5170.9
2358.12
33069.2
7863.63
932.719
13037.6
3591.15
6524.61
1877.52
6600.97
15463.7
2120.94
6782.16
1287.85
6744.5
1251.79
2538.43
1299.71
12219.5
1113.38
32188.8
1183.27
19863
17060
53.8337
714.883
8034.13
60127.7
11603.7
9895.38
1277.51
1249.33
1472
1341.54
4496.75
14801.4
6269.89
19340.4
22576.1
21827.8
2355.08
2222.66
29450
9612.86
14233
1857.67
1982.38
43516.3
1344.78
22898.4
2031.71
2524.42
1356.54
1901.81
2053.39
2121.54
1402.93
9131.96
1114.01
2293.56
64158.4
2446.92
1407.52
800.609
1841.42
39184.2
191.022
1605.81
1899.84
5916.38
1712.71
10923.9
11052.5
35969
2109.45
31414.6
1315.31
17289
1818.37
4106.38
16716.5
2208.81
35399.7
4359.53
2283.99
1942.78
2638.09
3283.66
11994.2
3660.45
1276.25
1666.38
6523.58
1926.4
2454.72
1268.75
1297.88
28937.2
1337.88
1260.38
2104.41
1275.44
1269.34
5814.02
8.66227
23158.5
8211.77
3594.84
8838.02
8254.32
2345.74
15506.7
1717.3
1266.02
1252.57
4496.09
8774.22
1359.7
1412.89
21156.6
19191.5
1732.44
2774.13
20322.4
6456.06
2208.01
1264.49
1762.45
1901.7
4030.89
1437.01
2193.93
1262.91
4501.21
1910.8
5039.7
11844
658.756
2680.07
1981.02
17556.5
1507.93
701.959
1868.54
33915.9
2038.96
1733.12
11273.4
2028.35
7154.34
1901.43
1753.76
21186.9
8116.88
376.761
4248.69
1343.8
1389.08
1322.7
20861.3
7259.95
1257.03
4046.82
1919.14
22009.4
4217.44
23702.6
498.876
11430.3
27761.9
3727.03
13002.3
1391.82
1394.95
1308.44
1318.36
2514.61
3952.38
3685.59
3696.93
4621.33
35502.1
8013.95
2199.32
1293.06
1591.44
1568.39
1296.95
1757.69
2336.49
2285.82
4161.43
45624.5
4861.34
3938.63
25777.3
4068.02
1587.72
1251.58
1267
1360.52
13454.7
12828.4
46572.6
2369.58
67034.9
5604.72
3496.2
4240.5
2709.73
11105.8
6336.92
1518.29
1441.15
70889.1
27052.5
1402.1
27511.2
1345.84
2401.01
2416.33
2180.34
1250.6
1267.03
1567.8
2460.87
1392.17
14332.8
900.639
1823.97
3778.43
34645.9
11694.3
2819.22
2277.11
689.037
357.878
14848.5
1290.77
11693
5912.42
5722.6
2018.49
1441.69
5.08689
1814.01
1375.16
2867.89
738.005
287.472
1263.62
1325.9
13395.1
2136.84
9932.6
1251.97
4095.73
1491.18
1818.35
1273.74
1328.39
13890
1624.66
4204.85
1722.71
2519.21
4259.1
2681.92
19021.1
2275.08
1734.87
1258.07
1256.42
18.5197
67878.4
12207
6889.6
2815.18
1455.11
31816.1
3219.31
1856.98
1512.51
4084.37
29451.2
7423.16
11972.6
16289.6
17048.6
4243.35
3992.43
1705.08
1961.47
1624.15
9641.02
14489.3
2114.6
17629.8
1256.32
6964.57
13995.6
1300.46
1741.45
3958.83
1460.93
14387.4
4218.93
7541.79
1284.04
16971.7
10779.2
2393.76
12343.2
4251.58
19557.7
2114.39
2143.45
4260.97
24109.5
1393.16
16365.6
4638.89
4225.49
5401.25
2364.22
1703.93
21071.9
17160.3
2201.13
10561.4
2953.47
6953
3887.89
1594.64
4236.84
1252.88
40943.6
16212.6
1241.62
44948.1
1273.69
1252.48
20331.7
21642
2607.38
123.466
2715.81
11128.4
18540.2
3143.28
5832.12
378.116
2089.83
6266.42
2243.79
9430.45
7182.84
1279.37
3567.44
1252.61
4218.58
191.507
1344.15
3362.48
1658.14
8312.02
6017.38
4787.08
1349.63
2369.26
4504.13
1252.22
15376.5
18139.3
4221.76
12323.6
1524.24
12565
13355.9
1252.5
24346.4
1372.2
431.738
1746.77
1494.07
1255.38
1944.7
1325.5
4204.4
956.233
1294.87
4126.55
7561.01
1282.94
12519.7
8366
1151.48
1090.01
2335.74
1250.11
3235.49
2260.52
2417.37
1299.37
5585.38
1569.46
33992
2353.52
4716.97
3656.74
1376.35
1250.91
9796.83
31959.7
3566.97
3475.04
53542.6
1034.93
3945.79
2353.39
3788.76
46677.6
13410.4
4238.67
1888.81
29752.6
11270.6
1410.96
1275.45
5785.1
1912.23
37110.6
3811.97
1874.95
2205.26
4918.42
5237.36
15026.9
4245.52
1264.13
4166.12
5864.32
3911.52
1034.69
1293.38
12679.9
25898.2
3975.02
398.509
12746.3
1266.49
10958.4
4229.33
1291.43
3728.63
5283.27
18955.4
11101
2940.57
1437.21
11625.8
2528.18
28176.5
12719.5
4052.61
2454.02
1329.21
1257.45
19352.8
2134.02
4276.9
8778.21
2438.23
1318.25
39451.1
9743.28
1640.55
167.972
11421.5
14194.3
55152.1
4836.37
1450.37
929.979
1251.19
18684
4579.85
2417.67
13989.1
1255.87
53110.9
60.7341
1618.61
34412
2209.46
9207.89
318.849
9542.68
28222.6
2110.96
2268.78
5026.85
1299.42
1310.44
1266.49
8147.08
35723.5
3183.34
17733.9
1562.01
1256.63
2233.19
9256.25
1578.15
2226.65
2117.49
15077.9
5965.73
5682.57
23902.5
9600.68
1931.05
47863.5
27550.6
5191.89
3365.82
2130.41
1750.34
4233.06
3212.02
1250.96
1805.4
1687.78
1635
386.328
1408.08
3536.17
10453.2
4078.13
14376.6
2702.63
2300.89
2253.94
1889.82
7930.64
12353
1740.73
8921.13
4499.33
728.135
1516.37
1519.79
321.8
5710.46
1684.16
2271.35
6683.31
5748.25
4987.25
26396.5
8371.98
4250.12
1253.09
1630.18
1381.27
2250.03
11031.5
10850.1
11504.5
4548.9
18859
1249.57
1731.91
1336.9
11552.8
6704.35
1364.47
11541
18590.8
48329.4
20987.2
1390.14
1551.75
1256.44
2029.4
8802.19
12245.5
40064.3
12843
12135.7
1773.68
19454.3
2264.12
20731.2
13223.4
1630.53
3587.08
1395.99
2106.56
5517.56
1251.04
13162.9
1293.13
284.718
1334.73
4258.54
18271.5
1268.81
5248.01
4182.84
27460.6
1828.79
8086.09
1740.08
1982.48
1384.93
628.715
1251.68
954.41
2272.96
24332.9
3533.97
941.707
31317.6
10231.8
15280.8
2544.63
9056.92
1287.9
12399.1
4247.29
1816.66
1359.31
1824.27
2362.96
8988.25
1764.25
5760.64
1430.95
1249.3
2895.74
540.318
12306
4272.4
15872.1
3767.48
7534.97
1334.65
1325.55
1278.2
1575.28
1643.25
2033.08
15995.7
14441.2
1318.8
2332.29
2049.21
6988.4
36085.3
13759
2172.08
1294.23
6672.89
1268.06
48481.5
1581.29
1659.96
21858.1
2593.55
172.834
21474.3
1500.45
33040.2
7863.07
14627.8
17711.9
28217.7
2488.36
1319.47
2105.4
25428.4
4239.4
1173
1343.35
452.302
4225.25
1017.8
1353.63
13335.5
2126.99
1585.13
26829.8
10695.1
1135.06
10262.1
30419.6
41977.6
1269.87
1259.44
2282.73
7749.32
4491.93
17453.8
5300.18
1258.47
2651.96
1630.42
4448.95
2203.24
5722.53
1257.44
2041.19
20453.6
581.692
30236.9
5114.36
30159.5
1266
26778.7
2738.02
1435.33
2454.56
1279.94
1714.26
2113.37
1361.37
20486.3
4209.43
1329.8
2438.54
1315.65
19071.7
2022.75
20592.2
7453.37
15791.1
8264.08
14362
4105.61
1401.61
711.31
2386.06
1548.43
8687.4
2136.03
3551.14
1748.23
87.313
1588.8
4243.57
12683
2170.33
1249.79
3737.3
346.786
22912.8
8966.8
19920.5
45937.4
2042.35
2002.46
2105.2
2214.41
1860.8
1875.09
1288.53
1772.9
1943.58
1410.92
895.161
1483.85
2515.64
38631
5855.65
11501.1
2262
6984.42
3741.23
774.127
130.631
4550.74
1262.11
3706.8
3274.42
1254.52
800.312
10738.4
32520.5
1250.95
1257.21
4338.82
1481.4
11370
1920.18
2499.43
14848.3
3779.39
697.502
14262.4
6366.82
505.563
11079
1454.61
1250.57
17499.5
1312.12
17684.9
3640.29
668.437
2786.81
2310.76
1942.64
2551.8
1272.74
18673.2
1741.35
4175.76
12479.9
3481.28
5741.92
2068.17
2352.59
16353.3
4208.76
8849.42
5349.87
3013.93
1480.56
2373.25
1776.25
4950.06
13732.5
14711
1905.05
3704.67
23379.5
19149.4
1901.83
3962.37
41086
45409.5
2272.17
3525.2
24524.4
6936.15
8447.53
1267.43
2051.41
17625.7
15512.3
3778.54
1252.95
2376.12
5309.26
1298.52
3639.66
41639.5
1832.85
2207.69
18995.7
3504.07
9797.81
7578.27
31452.8
1329.93
3899.91
28146.1
5023.72
2303.64
4116.75
2157.48
4251.06
1824.39
240.65
1789.74
1143.69
1529.74
1249.57
1449.93
20741
2769.66
13587.9
8441.46
1285.29
1263.27
1251.39
1311.93
1422.72
1425.28
49307
1700.79
1259.54
1268.46
1580.6
7161.37
1250.99
27744
1605.95
1990.16
1939.27
1352.11
4220.86
2613.32
12988.2
798.949
5320.41
2367.61
11108.7
2625.12
15823
4119.95
632.943
2388.19
29.8383
1350.24
1675.28
1533.47
2469.48
2846.1
2193.41
2152.56
1949.93
8004.31
2542.2
1295.64
73063.7
1626.39
6117.71
4742.91
30555.9
1317.36
1557.57
22844.7
1545.24
3215.65
41256.6
1274.1
7373.95
2257.86
1262.18
20450
5935.19
1253.14
1601.77
4242.57
20069.7
928.277
1257.17
4713.3
1890.88
702.039
1256.91
2142.77
5573.96
1251.78
5379.46
1355.98
4383.53
9543.17
12621.2
16457.1
2460.71
1254.84
24601.8
1447.87
10658.3
67.3588
42193.9
3494.12
6945.88
1274.02
4004.53
18308
52535.2
5413.18
4543.13
33557.9
2147.78
11533
8011.69
1063.48
32890.3
40090.7
1255.29
6556.69
1307.78
2153.57
1341.02
1791.8
3980.4
1436.32
2142.86
3934.69
13048.5
2403.5
2414.58
36322.1
1253.94
19895.2
9263.05
3711.72
1459.71
1684.02
1737.87
4229.93
1251.14
4071.2
1690.99
31371.5
34084.5
1866.11
8289.1
4254.4
1272.78
748.01
1275.27
2060.65
22925.2
1464.52
1841.5
136.396
2744.48
4070.88
33731
1736.09
1512.95
1420.45
1588.11
1405.74
6549.34
1265.2
4188.96
1413.59
2133.5
7918.2
1272.74
249.872
1731.86
2206.76
540.494
1770.78
2025.43
5783.36
10904.7
1248.84
2222.73
18178.3
2488.49
10303.7
2474.33
22534.7
5847.3
24319.8
15097.7
29058.8
16325.1
1641.53
1450.93
5006.75
19150.2
1915.48
2533.84
2307.87
1243.73
2526.23
12263.8
1252.85
1311.56
1320.72
52550.8
1300.91
1492.62
34225.5
20486.9
3973.08
386.947
38837.9
1716.39
770.223
1311.42
2427.88
563.076
14519.3
3542.03
18826.5
13231
7218.93
1305.21
1372.47
1728.48
33856.2
1885.86
7917.3
4059.98
2194.92
70.7288
15013.7
4229.8
13551.2
1490.21
549.74
2547.12
2269.82
2097.38
9609.88
1061.05
680.501
3885.84
21268.9
10637.6
1442.05
3963.41
7166.5
8509.92
10277.7
5338.02
14288.4
9591.73
6100.31
1390.47
936.262
27355.8
1253.29
13350.7
29410.7
3919.77
24937.2
1418.44
20795
4229.83
4231.81
1881.92
15117.7
12608.5
2222.84
1780.13
33555.2
1273.41
7411.54
12658.8
1251.11
4284.27
9354.04
1657.29
76134.1
2374.09
1267.39
2104.45
1085.15
1249.61
9242.82
8618.74
2173.07
33476
30174.3
20695.4
2153.61
1717.22
1350.64
1954.81
2038.3
2887.8
1783.04
16293.2
9999.2
17104
1314.27
5814.62
1462.75
1250.95
1255.04
25904.6
1256.04
9162.98
4464.65
3809.61
730.707
1866.88
3485.03
1303.07
1502.77
15209.1
2221.91
22421.8
10180.6
1996.4
1809.48
1907.75
6082.6
2051.33
2269.81
4949.25
1258.08
1344.42
2211.35
4829.65
1323.14
7335.51
13556.2
2921.41
2343.31
8689.72
20090.5
1538.73
2108.12
5341.77
4872.59
2345.39
18482.5
1256.35
19631.9
2261.05
1700.08
2005.8
1301.29
7824.67
1373.24
2342.61
1771.51
6613.94
7520.32
25189
671.116
1256.41
2186.51
4055.04
10421.7
2205.81
16073.1
7420.04
2319.74
1870.92
1455.37
2136.42
1450.08
2375.19
1757.95
5881.17
2391.12
1751.79
1684
4259.92
5731.28
2243.44
17066.1
1253.41
1460.4
10187.8
920.585
1406.67
1342.99
4757.34
2016.91
3164.07
16935.5
1447.71
8688.87
18893
12545.7
5774.66
6177.92
13573.1
27146.9
1273.79
2196.18
2539.91
6001.83
19733.9
2450.08
1272.12
1731.34
10018.7
3531.66
2300.12
1528.09
4233.36
17460
9125.55
2344.71
835.468
1379.49
1614.41
7871.13
11812.3
1370.37
1452.66
3528.82
19108.5
21871.2
1302.04
13379.5
3798.51
1275.46
1282.58
1590.98
1304.79
74.9379
1259.99
15374.6
9941.03
2008.93
625.228
1356.81
938.749
4219.31
4257.24
2350.84
3543.68
1680.58
1599.78
1420.78
24222.2
3867.32
1280.8
2226.23
6167.98
3256.18
2100.15
18926
7150.18
1251.35
1251.62
70150.4
11937.4
1443.36
3583.66
15039.4
25561.6
2903.3
3395.74
7785.01
5061.96
1254.02
2545.25
9725.72
1929
1993.35
1699.72
1354
582.095
3409.83
1101.38
1275.16
2126.88
1874.81
8598.62
37038.5
1291.89
1276.78
7873.65
86454.1
1232.91
1649.72
18646.1
1415.89
5876.28
2364.8
2376.2
37899.2
2231.42
30795.6
1268.1
1420.71
1344.54
4232.38
1249.86
3411.42
38529.3
11025.8
9639.08
2282.92
3766.43
1251.19
18071.3
4040.89
1889.44
15887.3
1777.37
934.781
22769.6
2759.97
1252.11
10199
1268.19
11452.3
6990
5182.76
285.461
6172.53
1697.56
15582.3
2130.26
1951.39
2012.51
2367.63
2616.21
1089.69
5889.92
5014.65
1251.38
4190.66
3242.38
1258.34
1280.13
7242.65
1366.12
309.281
5954.83
1266.28
1937.92
2346.98
6196.81
697.901
1548.03
18280.1
16596.8
25470.4
50159.6
1257.19
7050.59
15120.2
77783.8
83424.5
2023.84
4797.85
4231.42
1251.99
11243.4
47303.2
44656.7
2435.56
2210.94
10670.4
16876
3066.15
1326.53
1268.98
38906.2
11575.9
2177.43
11332.9
2207.5
2362.49
1263.39
2092.17
11204.5
1333.63
9350.68
9173.06
2150.02
6153.57
33434
4243.11
14386.5
11335
3298.23
1727.99
371.512
1259.69
1257.1
5865.53
2187.47
5870.58
1287.62
1454.52
1249.63
2571.26
1295.21
6273.61
1314.43
2896.48
1329.53
2008.41
3376.2
1318.22
1408.64
4220.93
1542.4
4232.25
1387.67
2183.2
4611.39
11492
1350.34
623.7
2406.14
1345.42
45908
28936.5
1327.72
2772.35
4610.5
1256.47
7973.8
1340.61
7761.45
5024.15
30264.6
3753.58
738.202
1294.26
3818.77
1344.46
13851.6
36442.7
40842.7
2287.48
22512
43442
2524.96
1418.27
4215.79
12564.3
24038
1492.96
27201.1
78.0292
1433.81
1591.39
21189.2
2851.33
749.712
1061.78
1262.44
4271.24
7507.98
1330.21
12234.7
53463
34521.6
13274.2
1466.22
1383.31
27418.2
22433.7
2008.31
18652
11282.1
1054.89
8201.84
15925.3
1745.61
3470.2
2321.1
1251.01
4017.02
15947.1
917.876
7578.98
1892.43
1297.05
1926.83
2306.34
13259.6
22010.1
15114.6
2735.37
27876.6
1548.7
25071
2009.7
1718.59
3767.12
17489.2
2040.61
7190.53
3035.26
9220.54
2062.94
807.603
4266.68
1326.75
32127.5
1060.55
10083.6
3236.54
13600.8
1357.47
1716.98
2734.33
2959.52
31807.5
12616.7
49319.3
1168.21
5910.23
13780.5
1848.26
3156.52
4223.36
1710.81
4061.97
685.19
2013.54
1275.99
1249.44
10961.3
415.429
1671.08
1258.17
21748.1
1929.46
1676.17
1768.23
1550.84
26207.6
2010.1
1605.41
2198.55
46374.4
6855.33
12243.7
29545.4
8190.92
1257.74
1254.59
15195
749.973
15749.4
1583.72
26261.3
1388.1
7324.29
1627.16
1259.38
1251.76
3964.68
20182
17334.5
3542.94
25141.1
1624.45
1789.24
3418.97
1346.93
1258.7
5238.25
4255.1
2257.68
2303.15
29491.5
24296.8
2185.28
1249.19
9270.64
1255.29
14636.1
7387
29387.2
17539.8
1978.67
1649.84
1479.6
5328.47
12763.2
2188.75
14765.6
1290.95
16530.9
1368.95
2133.73
11151.1
2250.69
5145.47
33747.1
1294.31
1886.17
1321.55
1614.96
1438.06
15770
3499.82
2116.56
1532.71
43256.1
1705.11
1412.06
17894.6
8035.58
25204.2
1447.23
2381.87
8361.61
12758.9
28977.8
5268.01
1102.76
1283.59
11150.1
4240.83
1252.74
1267.1
21433.3
1290.16
1304.29
1286.55
11306.8
2371.4
30718.8
1284.19
19852.7
26230.5
6031.88
1591.36
4381.27
3009.21
6262.35
1143.26
1809.08
6764.2
1336.26
826.181
316.599
4871.21
26411.9
1202.52
3152.68
2452.96
1258.72
2529.27
3008.45
1294.69
2960.96
1291.78
3086.62
5151.3
1255.19
2270.48
1412.23
2157.76
2435.71
15390.9
6989.69
6138.76
1251.23
1250.95
1525.34
2563.7
212.719
1275.27
42342.9
11981.5
3318.44
4225.36
2094.07
12360.9
1257.16
2157.45
13506.7
2739.96
15048.5
1370.51
1701.81
2080.94
1059.51
613.892
1025.43
6687.87
1676.23
27781.8
1279.93
17961.1
4710.3
12745.3
4218.29
12203
18834.3
4464.91
366.041
1358.67
4780.99
1964.49
44349.9
1551.6
7862.92
1905.6
22002.9
2018.63
2293.89
8498.84
3664.54
1406.15
3979.51
302.46
1770.51
2092.5
9258.68
5695.74
8107.94
32453.9
35021.6
4911.33
4194.58
9412.63
2245.33
3769.89
1255.24
17445
24996.1
16713.4
11307
15392
5670.06
1599.18
1901.35
26463
1277.11
17910.7
14328.1
4821.22
56608.9
14269.6
2014.16
491.637
7852.55
2532.95
4235.25
667.277
17429.1
1285.97
3496.47
223.321
8930.82
1935.15
3682.98
4394.78
10450.9
105.151
1586.83
2449.07
11258.1
1471.11
1265.18
1599.57
1742.22
29427.5
1495.3
2192.98
1250.97
9209.21
14014.5
6024.39
18579.2
1574.6
2098.02
37117.6
2338.79
1332.55
3229.38
2643.73
7358.8
9523.81
1907.15
2164.66
39216.8
1048.74
9749.04
25938.3
2205.65
1255.34
4251.37
617.485
5111.75
1427.73
14334.7
3707.52
33635.6
7802.67
3613.08
34729.7
28345.8
36115.9
2005.54
18032.9
2479.59
16776.7
1272.27
3767.99
4504.05
9758.06
40639.6
2429.46
8391.06
23440.3
1336.7
28168.1
604.566
23652.7
1257.47
11695.5
11505.5
1550.3
31358.6
1809.5
10436.6
16161
12935.9
85.732
2385.86
3755.11
2420
19050.3
32691.2
7475.51
8543.72
1321.18
1995.7
1275.68
2123.51
28723
557.071
1347.28
11093.6
1923.21
1300.05
20085.3
1286.09
5023.39
284.508
7733.94
3411.28
23.2494
2946.48
6649.86
22317.5
23755
19199.3
2550.56
1380.95
6342.13
8142.2
1881.85
2228.48
1894.35
3676.35
1524.54
2359.73
4204.08
1285.43
2644.51
8315.58
680.511
1991.5
1447.68
16327.1
27934.4
2438.67
2224.09
20370.6
1320.22
11223.3
28422.6
35806.3
2472.61
4125.68
1705.06
1365.41
828.769
16858.2
4114.93
1264.74
105.457
510.912
2278.51
48937.4
1310.73
7958.86
1550.39
9190.17
3728.59
2236.35
1999.16
14023
7051.3
1891.89
7922.29
2104.5
8035.77
632.453
1387.92
1957.17
1365.81
1132.78
44777.8
4273.42
2541.76
250.332
1639.7
1276.4
15411.8
3147.11
1381.68
1261.8
43960.1
1250.25
1757.69
1875.59
26487.9
2128.54
1315.73
1573.22
11550.9
5294.02
1257.16
1254.94
34664.8
14015.6
3918.56
14153.3
1421.26
1464.7
57385.7
2316.04
26642.6
1775.61
911.455
2326.03
1416.64
22183.6
408.602
1249.51
9527.42
11261.6
1948.23
10944.9
1252.82
2133.98
28778.9
1448.84
488.644
1870.21
10426.4
5516.31
1523.34
70988.8
2220.8
2134.15
1249.52
6533.13
1447.95
1378.44
5203.74
7930.5
4251.6
2134.01
3476.82
3282.29
6961.44
1255.32
2652.83
1725.81
1749.78
1588.4
14619
2941.42
1848.88
1250.23
11263.8
1423.91
1747.3
27859.7
29797.2
1249.99
1555.46
437.479
2241.93
6448.1
1260.3
1428.05
2655.18
1806.07
2065.22
2057.88
3854.03
16960.1
182.198
2332.19
2157.45
4414.95
1801.31
20972.3
1488.71
1609.35
5705.12
8431.04
11134
2647.86
9452.58
6629.89
6447.96
4199.05
1276.52
1318.92
1998.74
1382.12
1316.16
17033.7
6161.98
1442.37
1879.02
1364.43
18938
6153.71
8972.82
1280.99
1251.65
1258.73
9089.59
12294
3538.14
1956.95
1301.5
6240.57
2213.96
19675.5
7105.92
157.502
7712.32
1502.12
5764.69
1430.27
1803.04
6745.13
1708.81
1410.83
2672.23
2308.03
2226.04
39569.3
1852.95
21888.9
16903.5
7495.67
4555.86
4229.96
1740.06
2441.42
1363.91
703.984
50198.7
4543.43
4249.65
9734.1
1946.91
1485.72
16940.7
2297.41
3238.05
57240.7
7903.8
12925.6
1264.03
23918.9
1251.23
1263
17453.2
44626.2
1412.72
1294.74
27390.2
1410.21
2634.12
2131.05
3354.22
2451.96
1598.95
13110.4
11194.2
2223.57
5271.5
110.031
13913.3
1821.82
12430.6
2087.97
1283.51
9559.86
7025.99
2087.57
56630.1
18870.7
1343.9
8379.39
1326.7
11568.3
1573.27
3925.67
16439
1255.73
1076.66
1297.96
1191.89
22953.1
3460.67
2271.71
1280.18
2710.28
1321.71
1278.35
1676.99
2357.82
1542.12
7476.75
8326.43
2388.87
1684.34
19163.5
819.471
20053.6
20432.2
2625.64
10202.2
1499.3
4647.63
2157.06
2098.26
1928.74
2077.92
1330.91
1976.13
23837.3
1885.24
2059.2
1587.03
15789.4
1279.99
12703.4
31571.6
3820.24
1925.47
1252.89
10746.3
11765.6
1465.2
1276.69
34289.3
3658.71
1545.4
6170.12
1299.53
1778.58
2902.39
18188.1
5006.37
12841.7
96036.5
2252.74
2033.01
2394.66
86.0756
17267.1
2612.62
2658.34
6154.73
1838.29
1949.08
9357.68
9234.92
2284.23
1933.66
1289.37
2065.98
6796.67
8669.81
1421.39
11293.7
1283.94
2387.33
1574.92
4229.98
2004.34
14426.3
5244.86
12445.3
4232.03
1794.79
18514.5
2128.94
2774.64
2276.1
5033.38
2465.3
1545.72
4264.93
227.209
1613.98
1243.84
1907.28
2722.53
4241.55
1569.14
359.443
8908.76
2071.78
3054.77
20893.3
1260.58
5650.36
1479.31
1367.15
10968.4
12644.4
2478.2
1254.05
15390.3
1648.14
1414.47
33990.2
236.71
1752.69
45125.4
27803.4
3483.43
4147.74
1715.78
8067.03
1947.19
9797.77
1525.37
1951.19
11866
8525.83
171.194
15753.8
1899.68
1280.82
1773.46
1302.2
11736.1
1942.18
1953.68
18789.7
1249.82
4230.1
16091.8
3935.57
642.099
2664.1
28243.6
1268.04
1253.09
4387.93
5831.77
1612.8
7669.14
1269.69
1713.56
2043.39
15771.6
1249.27
19440.1
2145.84
6424.41
5057.36
9821.64
1252.87
3453.29
2319.01
33142.2
29960.7
11049.9
70.4315
1250.97
2425.73
1672.74
6471.3
719.572
42104.4
10026.8
19153.8
10939.2
2570.58
1270.15
4231.2
12488.5
1630.1
3944.78
2252.85
1303.91
2356.99
1387.01
2687.64
28360.3
35806.2
2436.61
1421.33
1943.1
2352.65
1502.25
3563.23
2304.11
4731.97
4922.19
4958.04
1659.52
21738
15354.3
39047.4
1524.89
4467.73
13491.1
5037.36
23604.5
24911.9
2348.7
1511.21
10572.3
5912.85
1910.73
6229.27
4208.73
2223.33
10903.5
8114.41
2553.33
1668.73
3627.52
1308.39
2498.96
2896.65
3147.28
1838.09
6278.44
7720.86
2490.27
13543.4
4276.59
10510.4
22951.4
28431.7
3125.57
1639.75
1287.12
23909.6
1510.63
1861.01
28072.9
1702.36
1261.16
1254.34
19781.1
1253.65
10479.4
2275.43
1960.62
1676.35
62901.8
7265.69
1523.44
1396.17
347.091
4229.95
10588.2
7520.43
1469.74
3069.62
11692.1
1349.4
9893.26
4217.76
2584.84
14337.1
19972.7
4862.17
88718.1
10240.4
2688.43
1262.31
3558.55
2349.76
2146.29
898.88
3668.68
5712.13
1250.75
1315.4
2250.75
6723.86
16144.5
7868.32
18538.4
2122.54
21225.1
1317.43
2468.7
1387.48
15828.7
1560.66
8528.95
1249.46
4447.41
1623.79
1524.58
4215.37
1771.49
4242.68
32802
13480
1586.39
2163.63
1265.03
2164.15
6965.95
1149.91
15335.5
1986.07
2390.21
1282.02
1161.54
2110.68
2813.96
5231.53
6101.66
1279.2
47194.4
6142.24
1291.65
1249.28
10156.1
2649.14
2163.94
1477.37
2148.5
14970.3
1305.2
1366.93
1283.82
1266.84
1753.47
2181.29
18489.6
3990.13
1263.18
5408.2
67559.3
3665.57
1725.65
2352.73
1359.1
2262.62
1280.04
22891.9
2773.02
21200.4
8959.49
3123.77
1281.95
1252.93
1342.88
5254.95
7232.18
2198.27
3514.58
14094
1713.31
15059.2
2250.23
914.735
27978.3
2483.77
3072.83
1541.19
1312.19
17185.4
19852.6
6013.7
7734.74
1800.81
2853.04
2314.01
2453.48
1052.06
1984.07
38406.1
2031.6
935.167
50490.2
4944.62
9817.71
2206.96
2838.47
2607.46
2687.59
2376.71
1935.25
13237.2
2071.52
2387.13
1414.45
6014.4
14444.8
1273.52
5286.54
19373.6
2379.65
1905.99
5331.63
1432.8
30607.7
3833.84
3570.12
6628.5
4667.44
4832.42
6990.11
2647.96
2204.73
2152.92
1365.57
1893.72
1482.82
21709.7
12061.3
25319.4
18915.5
34646.2
2564.12
1275.1
12673.4
1888.75
1292.74
9205.13
2644.92
1479.8
1413.57
1269.28
1399.79
1337.87
1771.3
2044.53
21214.6
17202.6
1283.39
4232.09
3983.81
2638.84
7715.22
1675.99
55.2169
1298.45
1130.4
1988.62
2202.54
203.096
1254.39
6931.31
1132.75
1657.54
551.307
5567.89
1263.94
7666.71
12746.8
15200.3
4233.02
2123.23
9665.14
1846.85
4106.56
121.984
1784.54
1715.04
4221.24
1073.89
14915.4
1251.14
2342.95
2304.19
1817.07
1552.11
4780.87
4763.72
6568.69
1683.52
1935.43
6536.19
3679.67
27905.3
1513.21
616.037
16625.6
1254.25
4038.02
6764.91
2241.7
11668.4
7727.26
10149
19573.6
40050.8
20491.6
1426.54
9524.34
16921.3
8569.43
1132.44
11628.1
2680.9
2350.68
13897.8
26660.5
1610.45
20830.8
4232.3
17925.1
1292.28
9496.15
4004.16
1368.3
1355.51
8050.33
1556.81
838.227
1474.38
486.223
2468.12
608.808
1993.1
3540.77
1287.91
4229.63
11612
1251.61
33341.1
1999.03
1276.63
37415.7
2452.49
3495.53
1763.01
1888.97
1297.19
2510.87
5844.01
12694.4
4476.97
21581.4
4793.28
7860.98
2133.27
7236.19
1771.28
10292.5
1251.34
1839.13
1994.19
1361
1505.81
6620.74
6809.33
1820.33
3744.24
1357.83
4220.92
29443.4
1336.17
42311.9
8432.19
5778.98
52289.2
1789.99
1344.78
6867.16
2179.5
2140.08
1296.13
1350.78
14358
4321.38
60234.5
31845.9
7801.47
2940.53
25412.1
3206.74
23889.2
1379.94
1754.34
1344.77
21799.8
12291.5
23672.5
1356.73
1435.03
1450.9
3639.76
15196.2
8085.32
8279.13
45449.2
1391.34
2311.64
1287.36
4044.02
10354.8
2990.92
2281.07
1651.51
27863
1725.57
2778.73
19002.2
2596.79
7930.26
47571.7
14297.6
17370.5
2410.61
1578.3
1466.98
237.408
2032.78
4679.64
19862.2
317.213
27632.9
20339.3
38680.2
20844.1
12414.3
215.865
18928.8
2836.79
10536
6955.64
1325.17
2148.9
8586.06
2522.05
1285.25
2248.78
5117.13
4232.29
4012.31
2870.41
1288.86
2756.22
1478.79
15724.9
1261.74
511.292
22875.9
1280.61
281.283
6342.49
6923.89
1807.9
1305.19
11630.8
473.573
3086.78
6065.08
2337.47
11298.4
19629.4
1262.57
1282
2355.45
3026.92
2646.21
10463.2
1256.33
16763.3
2269.86
1280.08
6009.14
1251.39
1283.16
1665.79
16609.5
1528.86
2517.91
247.663
1322.35
1754.23
2179.75
22169.4
2593.69
1275.91
1801.36
4224.36
18226.5
7156.27
1249.88
1349.9
29771.9
3350.64
1542.52
14301.4
27284.7
626.79
1012.2
3920.85
4231.6
7535.64
30.2957
1756.52
3750.38
3586.62
8895.11
17630.9
43828.9
67367.4
24383.5
1282.27
2165.75
11541.8
1185.72
44427.6
1579.03
29202.2
1663.12
25052.7
2336.38
3909.28
1729.14
2041.85
9960.33
1911.23
280.354
2974.19
19721.1
12510.1
2129.63
13524.4
1539.67
454.391
1260.43
3215.06
4229.85
2828.6
14637.7
9408.65
14162.1
2035.63
9671.36
1805.28
22222.5
6055.69
7570.48
8060.24
2203.04
34671.7
2339.26
4269.62
1358.38
5373.05
1268.55
3674.91
1290.14
1998.74
7034.9
1296.9
17206.6
49278.3
1801.57
8599.85
4230.49
2352.49
15873.4
1283.95
15625.7
2692.7
288.326
13678.7
1250.92
15124.2
1264.94
8766.65
4514.63
21281.6
1422.74
2236.17
1451.21
1262.75
1702.62
10510.3
2252.95
1416.74
34155.9
1738.77
1252.33
1361.74
22621.9
17134.4
1265.2
1663.58
6698.49
2271.65
1250.64
8523.03
10263.7
10861.7
33607.5
4030.2
1298.56
6076.68
1337.8
6634.08
15844.3
2886.81
31281.2
1741.5
1266.27
2375.46
9670.57
2364.23
450.581
9231.31
6996.43
6505.12
5698.3
1549.24
4652.2
3460.66
1300.38
9324.96
1283.47
4423.13
3284.96
2509.83
4235.46
1657.48
1281.13
2895.08
37666.9
32441.1
1758.84
7238.54
8493.12
1253.68
14413.9
19578.8
1742.51
1397.25
21589.9
2605.84
8432.03
2333.02
30461.2
1409.39
1250.76
1335.43
44321.3
1654.98
33240.1
28197.8
17909.3
8308.12
28103
19146.7
1308.95
23020.2
1642.22
17571.5
2217.24
2126.63
2043.86
368.889
67410
2418.15
2090.74
1365.73
4854.9
310.93
8829.65
1712.73
4956.56
2440.91
1253.28
1415.41
2460.27
8398.56
1578.86
849.769
1326.39
41007.4
1814.01
1267.88
826.396
3114.63
552.741
9819.22
2347.07
1865.56
6246.04
43302
4231.8
2053.59
2210.42
2172.56
1358.99
28595.6
2208.45
1327.47
1713.49
816.804
25349
1262.75
1271.26
1415.61
13253.2
13715.4
7773.85
2468.94
10855.5
396.742
1489.17
12359.2
4279.9
43579.4
17648.5
6702.48
7754.87
1449.34
4229.33
4992.43
146.852
12792.1
15796.9
38223.9
14070.7
2624.78
4813.99
16493.6
1915.32
23580
368.498
31208.2
866.195
15722.1
536.225
2910.54
1320.72
17766.9
1335.58
2050.48
10482.9
2282.92
2073.36
1623.36
2630.8
6196.37
9748.21
1813.92
1740.21
13384.8
53733.8
37365
4461.46
10071.6
1950.76
9240.27
2175.99
24490.8
1783.35
336.391
903.512
3686.63
8711.66
23424.5
548.636
930.204
8488.16
1763.81
26350.2
18663.9
1347.31
17246.3
12284.6
3117.16
1780.01
1271.58
6853.79
1690.31
38265.2
344.052
1857.51
6861.09
2096.44
2998.3
19195.7
5810.65
1323.72
1730.94
8343.76
7911.13
9209.68
1537.64
1659.57
1995.06
1525.64
18133.6
32371
2204.35
7888.99
1941.93
6059.13
468.085
10311.9
13787.1
1292.67
12797
7815.78
20605.4
1486.62
1373.77
2292.07
8319.38
1308.8
3751.82
6527.76
3202.34
802.421
9047.78
1692.49
16614.3
1951.06
20584.4
2918.03
6108.96
2015.54
35550
5372.62
1582.37
13172
6005.43
1268.16
2258.39
5129.07
563.597
15577.8
20801.7
20711.5
4645.58
3790.57
1780.66
4233.37
12414.7
5770.7
7666.66
2180.88
34090.9
1807.7
8982.04
20519.5
2569.88
3589.36
1614.94
55784.9
3728.54
1314.91
1456.73
24643.7
2696.45
5916.98
1887.13
1741.32
21638.4
25732
251.217
7382.4
1503.81
870.743
426.732
930.747
3204.79
1764.03
7921.67
273.693
4187.17
15893.3
1474.08
6080.75
22517.5
2430.03
14547.7
3633.52
1284.93
83.3154
12670.2
1726.5
17043.5
3859.66
2089.35
1467.48
8152.74
20742.9
6291.08
2016
8587.47
14290.8
10526.7
2246.25
233.396
1342.69
4250.78
8405.24
4797.76
2430.37
1271.45
1251.24
27687.3
7966.03
3440.55
4376.87
5401.64
6082.82
1710.05
1355.16
4271.71
4815.11
4078.52
3759.86
3401.1
1864.83
1252.12
431.332
898.796
3854.12
2145.46
4095.05
3448.31
1645.97
1262.76
14803.9
2149.75
1725.74
6508.38
51050.7
4219.7
2350.94
1344.2
14478.4
23235.6
1782.17
23325.6
2140.33
40521.4
1437.33
38762.1
12217.5
2405.75
1255.3
5269.72
7475.76
1574.06
3099.75
6944.35
2269.77
29089.1
22375.8
1553.96
10289
19789.6
1481.06
16179.6
2604.36
20190.4
1379.54
1252.56
6706.16
24089.4
9690.11
2410.91
3518.73
17798.4
25272.6
5607.25
11719.4
5779.61
17621.2
1290.61
1795.6
12138
1253.9
28923.5
1254.87
2333.52
1745.46
28358.3
17626.8
1323.06
1458.06
1261.96
1580.03
26285.9
1451.98
44712.8
6197.27
17044.4
1251.05
2254.97
8943.27
2621.58
2500.56
2555.06
3390.6
3033.82
957.863
1447.64
2427.19
7182.94
1891.22
1737.21
1557.68
23343.5
15416.4
1444.89
595.342
1317.44
2186.48
1645.01
1262.53
26442.1
469.885
1960.69
3348.07
794.1
2489.59
35882.6
1338.83
1307.75
7753.64
6172.81
1961.46
10700.5
1804.57
1609.51
6374.47
1433.74
5041.36
15262.2
18182.7
1373.22
4611.33
24003.9
1501.02
6547.47
21215.2
2453.45
1355.85
4614.52
180.723
2119.38
13114.5
1422.74
1307.74
1435.52
9836.98
15599.2
7895.7
5910.32
18466.9
15367.7
1249.64
1368.64
3907.51
3551.74
5677.82
30287.4
1295.26
26014.4
20992.9
1399.53
4938.06
4785.05
7404.09
4232.29
2959.48
1764.12
20381
16682
2901.37
1740.72
4209.74
1252.54
5426.71
20842.2
1298.27
11056.5
1260.91
52.9546
2489.29
4233.35
2970.5
2532.06
2257.42
1287.54
1498.59
2658.25
1757.05
13603.8
4801.78
2102.89
5064.87
1277.66
1266.11
2856.45
10571.2
2423.79
14288.3
1673.07
3834.76
34898
6619.01
137.328
22099
3541.71
2576.26
6846.35
37805.4
10185
1417.02
16160.7
6663.06
1294.1
4228.11
1256.48
2452.02
508.449
59571.2
3761.21
4243.84
5920.47
2584.3
8417.26
4019.78
2410.54
10779.8
1252.64
270.112
2188.05
8704.46
702.757
7385.66
2099.16
20.8375
28655.2
1542.97
20691.5
13290.1
26393.3
2678.24
2190.77
4487.7
1787.45
1860.64
8906.02
5652.15
2038.91
1672.95
8682.1
5329.58
1339.69
20506.6
1882.66
1671.52
17632.4
4089.15
78665.9
1520.83
8101.45
2103.2
2348.88
21180.5
2175.47
2440.79
1249.53
30593.4
1282.18
28.7629
1340.04
1422.32
35200.6
1267.23
1687.69
1298.01
1997.12
1860.73
10544.5
4442.83
2139.63
1635.19
2387.15
1440.06
9897.71
1366.34
2180.1
1711.48
2296.85
11042.2
1827.46
5664.55
7882.14
10457.6
8093.52
2749.15
4124.1
4221.24
1252.06
13353.4
1170.85
14156.6
1901.46
58867.7
11023.3
15664.8
38352
1476.67
434.48
1424.84
20376
9232.76
2630.16
2395.4
549.198
7673.5
1888.63
1860.17
38561.5
2515.77
8258.18
2592.61
2169.9
12382.4
1371.33
3025.29
1252.33
7021.36
7212.91
1368.96
1425.32
1259.18
2149.95
780.389
4203.59
25551.5
29305.1
15111.8
84.0385
17083.8
2272.34
9123.66
2349.47
1984.4
52.4113
3490.71
27342.9
1405.44
16335
14059.7
783.391
2952.19
4247.58
2806.36
1839.66
17860.9
887.906
12918.6
2517.5
5898.92
1806.47
45572
3904.38
7969.24
5628.12
2482.4
27970.6
2982.37
1662.16
3769.39
1363.32
1254.31
13746.8
1250.65
1135.65
2025.06
10694.3
10786.5
2626.77
1781.3
13319
20114.7
1251.27
1254.75
25673.4
19863.9
1563.21
1842.62
306.99
1508.51
1293.76
6186.48
234.337
2019.91
1258.24
1500.53
1254.83
15554.9
3728.01
2360.9
20815
1379.33
4219.65
535.56
1249.1
1417.45
1250.51
4503.82
1858.47
1706.21
2072.25
9674.55
2483.81
42050.4
305.673
7649.06
1266.2
16730.2
6826.44
1091.64
4758.48
38254.5
3954.34
6136.06
2329.65
3419.21
5842.96
27122.5
1660.38
2857.07
7767.32
17732.9
14746.6
2160.69
1250.98
2838.1
18247.3
140.599
2006.13
1510.37
5041.12
9069.33
1422.83
3754.75
4250.26
1774.79
1750.14
2629.61
4202.67
22979.9
1956.74
364.388
1803.26
26631.2
3206.01
15942.5
2692.19
632.021
22.2602
1252.1
203.251
13935.7
2421.84
3926.76
6133.71
4245.76
1253.53
1255.49
3104.1
1281.32
17964.9
2771.17
10494
1679.35
1361.48
9.93313
13603.8
1651.35
3378.17
13968.3
23085.1
936.626
1953.38
2291.54
1340.48
707.328
31945.8
1860.24
3332.62
17295.1
401.105
4721.4
31055.6
3752.07
6584.93
1307.95
7329.43
3798.87
18773.5
1410.16
1785.83
2112.19
10865.9
42410.3
18115.5
1718.41
1327.31
1252.4
1923.95
1495.36
1871.2
2018.93
8318.11
2476.33
12128.3
5394.98
2463.74
1233.27
2728.04
2266.6
2270.83
104.499
1634.01
15322.1
1263.26
1251.39
2016.01
2403.24
8635.08
12493.5
1297.31
33384.6
2602.73
18929.9
491.406
1273.31
1392.65
1364.21
34979.5
1251.22
1620.68
8473.82
7180.27
8299.25
3005.44
25770.7
38276.7
14335.2
1982.27
1253.82
3312.82
1681.49
2905.23
1008.02
3590.08
1311.48
1604.24
1259.53
2203.92
1494.25
1965.67
2025.22
6859.85
1263.89
13723.9
8654.17
1302.32
1871.48
1021.95
1761.85
35559.5
3426.38
1895.93
2178.48
1611.57
3602.79
1991.18
15515.8
7941.93
5958.59
593.62
2810.22
1297.97
10118.5
7248.09
43648.6
1252.25
2371.92
5912.04
1285.73
45080.3
1806.47
44690.9
13042.9
3855.47
13997.8
9667.14
1252.76
17139.2
746.34
7723.24
684.48
1438.58
12737.5
34901.2
9416.69
8142.59
24584.5
1514.87
14802.3
1907.1
1340.61
1270.94
18431
1285.82
1250.97
1372.86
427.963
5748.11
1874.8
1705.2
4687.99
1940.34
4220.19
6344.47
40521.8
3590.59
4362.2
3440.37
1884.99
4254.07
2216.99
11611.8
4631.38
18981.1
22507.8
1666.45
4714.78
1400.13
208.966
1616.05
27849.7
3360.23
1409.72
1429.87
35276
1579.16
6452.79
10321.1
10569.1
10490.9
10469.1
3819.09
2092.17
1263
19845.6
2469.59
1994.73
1257.88
1870.38
1255.34
1945.16
9823.21
3106.98
1276.02
528.093
9253.66
73553.5
12883.2
6534.22
257.832
2136.62
1257.86
21521.4
24926
17162.1
1307.58
19060.2
1305.34
10133
13885.2
18589.1
20440.9
1300.56
6018.86
2139.39
6116.35
7589.39
9160.59
2021.14
1715.17
1831.69
1660.26
9748.31
1272.64
10294
2222.73
8962.9
1507.82
71999.7
8573.32
20865.1
36348.1
527.892
8271.9
1895.8
2380.93
3984.18
2706.21
6945.26
5314.08
386.477
2561.64
1598.08
8714.35
12110.8
13108.3
13044.1
1750.99
1113.53
6129.74
29124.5
2245.04
2366.97
13391.6
1254.66
43734
1790.1
34939.6
1250.99
1256.48
6005.72
2364.08
21600.4
1730.08
1760.11
8905.24
857.346
8424.4
4232.09
36158.4
12590
12003.7
20444.3
21112.8
3300.47
29107.3
2633.09
1207.36
8818.2
8000.24
5748.55
2226.05
12748.1
5123.09
13695.9
27783.8
1780.84
955.573
1374.43
1698.53
1672.3
1259.98
1438.02
1512.59
4551.61
2218.98
1753.47
469.311
8533.27
2411.78
2628.47
35639.3
4238.23
36970.7
6829.63
1324.38
1256.65
1571.79
41903.8
1715.74
6134.43
1360.07
2412.9
8015.64
2472.56
10705.6
14656.8
2524.26
14898.9
44465.8
4593.06
2432.76
2496.81
5579.65
1256.42
1476.85
1773.24
1267.73
9696.21
1324.08
2144.17
18486
9108.91
1286.25
1719.04
7977.55
295.977
2343.03
1276.02
862.264
2003.62
24986.4
2273.23
1920.68
12896.1
4219.36
10244.2
1410.25
1592.64
4521.49
38909.2
4249.43
1361.32
42182.2
1283.08
6569.18
6823.91
1785.36
1531.32
2142.84
15321.4
488.304
5491.19
5641.64
2352.74
2026.2
4519.73
24879.2
1843.37
3507.2
21150.3
1454.32
12113.3
41774.3
1255.74
9442.53
43476.4
4612.76
16299.6
3362.85
19507.5
1947.72
16831.3
1718.96
9313.72
17404.6
4186.65
9825.06
2394.62
2407.45
18269.8
16581.2
15746.4
1801.65
5213.12
8637.63
4224.67
1342.06
1419.77
4681.05
1693.9
1853.93
19261.8
7781.73
11695.1
19428.6
28912.8
3658.94
1726.37
5931.17
15607.5
3882.48
39362.9
62661.4
6927.47
1739.98
12544
1764.83
4254
2566.86
20935.7
20916.1
1873.4
3030.92
219.976
722.854
1332.12
2116.82
1283.43
78.6293
1294.35
1303.55
1624.73
1263.41
2889.25
2131.02
1255.12
2873.31
7805.69
1767.01
16260
2849.77
2230.61
1979.01
1400.45
17766
1923.45
851.842
1338.14
1537.18
101.217
6599.88
12256.5
1731.42
11271.7
2307.61
1873.98
3389.66
24610.6
1975.24
1588.29
16539
2121.49
4045.69
13190.9
5033.61
1250.95
1613.02
1796.59
16830.2
1518.75
19515.7
1266.65
5745.71
2178.37
2848.77
8399.07
4223.76
25912.4
2498.8
11950.2
1405.62
1523.27
2310.44
13318.7
7816.06
56954.1
14219.2
227.652
1249.7
12832.6
1250.88
2286.67
7528.34
56292.9
11693.5
1982.69
2388.33
2748.73
12364.3
1389.17
1429.92
1275.19
7639.31
1718.96
1042.76
29126.6
1266.33
11852
1703.53
4231.18
20668.8
1296.22
1273.28
14126.6
1288.28
4646.16
1884.34
2309.83
2427.5
2116.87
1258.42
243.021
6105.71
4239.07
12078.3
4933.46
12990
17807.6
9104.7
1371.63
1446.66
30868.1
21480.3
1719.38
15151.7
35.5472
9002.64
1568.92
2475.53
11786.6
1293.62
61.3403
2652.03
1689.11
12484.6
12868.9
4283.97
2739.08
4499.79
3198.59
26717.2
41895.1
20695.5
1890.83
57874.1
1731.9
1414.34
49.2697
2072.41
35025.4
2119.36
1495.16
12117.8
2847.01
2194.45
1271.35
22568.4
1261.7
1972.66
8011.15
6554.83
38814.9
6053.51
2364.85
14080
20814
1524.12
9611.3
18279
1763.17
3826.4
2597.06
103.893
194.793
1678.19
2104.08
2220.41
319.992
18524.3
1254.01
10283.7
1338.57
2252.87
1328.83
1412.96
16550.3
40504.9
1403.84
1253.19
8322.41
1318.58
6249.54
22743.6
14055.7
6219.47
20175.4
3811.7
27219.6
2041.19
12352.7
8340.07
1662.6
1264.75
7362.39
1256
11587.6
420.868
1141.55
25180.7
1321.17
2062.34
7036.69
26546
28106.5
1459.5
9812.58
163.1
6817.49
1523.25
1335.33
1976.93
7357.83
1252.18
12978.3
3858.01
1272.96
2094.65
10332.2
10529.3
5951.84
32364.9
1873.37
2390.7
108.465
1966.24
1294.74
15095.2
8601.2
9549.3
4717.5
17137.5
15551.6
1508.49
9943.03
2195.8
1889.22
2890.94
36933.2
1251.78
13713.8
20256.3
1418.33
4445.56
8852.92
1508.63
2345.77
16427.7
1785.27
4228.37
1251
3352.79
2005.63
2927.25
1700.95
15952.2
7190.58
3770.48
1260.13
1271.74
45296
4898.94
2645.71
22216.9
1297.63
2089.28
42309.5
8023.71
2096.74
2380.18
45267.3
962.897
7386.09
12197.6
5598.75
10290.4
8499.35
2358.1
9981.62
5900.23
1740.42
6531.57
1679.86
12892.9
5057.79
3094.67
13604.6
30434.9
8233.81
2655.17
2328.58
2393.08
14119.7
1338.55
23333.8
882.072
4663
1960.19
1307.33
23539.3
2300.13
6429.89
1422.66
6324.48
6386.66
9046.09
9256.63
4392.67
13829.8
2236.73
2398.3
2745.37
1084.55
1249.12
9635.21
1302.35
1677.71
2162.52
1414.7
2366.69
1645.81
11349.4
1887.59
1266.91
7726.42
1310.78
7911.63
16421.8
1317.41
1675.74
13968.7
4286.01
2291.39
4157.44
17459.9
1755.18
5281.2
3176.02
2659.95
1992.18
8020.47
1262.85
2553.29
1761.7
16367.1
26434.9
9993.73
35584.5
18495.8
1749.93
2017.61
15589.2
1249.66
41886.7
1735.56
2366.86
1277.11
1251.57
2171.62
5518.49
8194.51
3887.88
2146.69
1254.75
25881.2
4194.85
11405
1394
10648.9
1251.07
13631.1
1786.28
1746.73
20859.2
1252
1810.16
1924.11
2525.85
22892.9
231.721
1547.05
29063.3
12041
1271.98
2730.82
7745.7
11471
23019
17541.5
7180.6
24983
739.335
1443.82
1738.92
2841.67
1249.18
4220.31
1696.03
10601.4
8750.51
2825.85
10297.2
1265.15
9368.84
1264.53
2068.39
1449.29
21298.2
7614.67
4271.62
1280.1
3782.35
16672
2241.82
61073.7
39205.9
8627.49
3576.17
1841.51
1285.05
8120.79
10879.6
1254.24
1630.14
9307.53
8031.47
14928.5
461.187
3163.8
32799.5
1462.48
1255.85
1784.37
1723.52
4194.01
7631.44
1555.92
19352.6
2467.64
1258.1
10628.1
5827.28
7451.23
1814.08
10784.2
1800.44
2368.68
1372.22
554.645
1725.95
2612.03
1948.08
26150.3
2117.17
132.398
1401.73
2274.13
1397.76
28143.8
1428.58
16110.4
1960.38
6778.65
8282.22
1249.32
16406.7
1327.92
3523.2
1306.53
3054.27
6923.13
26529
882.591
1730.23
8577.52
6138.61
469.092
3220.23
1251.69
32480.5
15835.3
2300.87
622.223
4259.52
21861.5
25426.2
1760.23
3505.51
172.24
12512
2505.95
30475.8
2243.99
1894.09
1277.66
4459.2
33189
1776.6
9252.15
1299.84
5120.46
8639.31
1256.59
1724.78
6418.64
12688.4
5109.48
7896.56
20239.8
2829.12
1251.13
4007.11
1375.08
10283.6
1923.58
4576.47
5940.19
75.1986
1344.86
3235.53
34429.2
2206.87
8916.61
1951.86
25369.3
7030.59
6263.26
2261.68
8337.96
26508.7
1058.05
37053.4
4209.13
10479.4
1744.42
1404.36
2267.77
18396
1260.89
1316.31
8233.1
26457.9
3814.82
9570.11
1608.56
2147.76
1306.06
3651.98
1362.43
580.21
4816.1
6535.14
1814.33
4597.33
9234.55
2182.08
44064.2
11420.7
8657.35
1006.57
10499
5804.94
823.001
31596.4
1907.06
1253.65
14297.4
40332.3
8820.79
481.656
2175.82
4056.62
1257.16
11288.4
40513.7
2326.46
18557.3
2419.26
4490.42
11090.4
5828.09
14142
1339.1
2249.59
1276.2
47209.2
1272.06
2205.33
1343.75
2365.1
17246.1
1529.65
7959.79
133.27
2195.73
1674.79
52321.4
17677.2
1492.4
12383.7
1557.55
16638.5
10996.3
42273.4
2221.71
2240.54
20208.9
9212.28
304.605
1258.41
15578.6
1261.04
1368.27
2417.06
9869.4
21359.5
1676.1
4845.43
1920.37
25168.4
1350.05
269.048
393.036
11563.8
44798.4
1249.24
2493.86
1256.26
1527.34
1317.5
1445.75
1324.51
17347.9
4876.66
14427.5
2729.31
2419.8
12630.9
1533.98
1277.71
2659.31
7828.61
2125.31
1099.19
20474.3
10773.7
9827.82
2065.71
4461.54
3582.28
1600.96
1746.05
1251.5
19554.3
2288.44
1426.11
4433.04
9065.56
1251.34
1317.8
1403.35
15349.9
7070.06
6390.9
1073.49
928.251
33975.6
1278.68
1695.8
1260.16
1266.75
1396.24
17927.6
1314.13
3763.06
6204.11
1348.61
21605.4
1289.69
50682.1
5636.09
1280.77
2225.72
4113.23
2225.05
2748.12
1763.73
237.649
2842.31
1775.98
1332.36
27338.4
22834.8
5243.62
4230.38
1249.24
2395
3864.04
14558.9
380.938
17883.8
21982.9
20709.9
6574.12
4252.51
2782.24
1778.85
8982.48
19451.2
11863.8
3481.41
2431.02
2029.68
13269.1
2361.14
4011.93
19338.9
944.578
218.875
4220.99
13461.8
4219.42
732.452
6745.37
16293.4
9023.69
4373.11
12104.7
4318.02
1265.16
56213.3
12597.2
1225.35
10851.2
1331.94
6293.4
4195.54
1258.8
1706.2
7200.57
183.836
1718.75
260.828
6444.17
6761.8
2751.55
1519.75
1795.92
9727.05
15890.7
1387.69
11583.7
1357.4
4243.18
2138.48
4253.86
9294.75
3347.09
6332.35
6750.4
2490.9
19416.9
31135.5
1308
18058.9
4236.29
584.21
1334.9
4207.99
4509.11
2077.38
1807.03
26025.1
18237.9
42017.3
28801
1746.49
6275
7098
2765.34
2545.96
1313.82
4469.43
36618.5
18709.5
1523.59
16380.8
28666.7
4048.81
2457.33
1591.91
555.734
14123.9
2439.86
14642.6
323.523
1475.71
6282.81
4022.95
13511.4
18798.9
1478.24
1965.73
4176.25
3744.24
1751.45
3690.36
14912.2
1425.38
6266.18
29423.6
3335.5
2233.07
89982.1
6009.55
1578.58
3412.93
1306.72
14424.2
22279.9
7484.12
9937.48
9917.87
16004.4
1310.92
7305.38
2160.79
10414.8
10473
1310.51
2229.58
9322.73
1497.95
1320.21
12872.2
9132.1
44765.1
8596.84
21484.4
1394.76
997.4
361.359
8669.1
1257.62
20045.8
21877
1760.06
36819.2
2451.67
2288.13
1674.57
13226.6
1581.86
6619.31
1539.06
2009.28
1139.47
8475.86
1275.89
1359.92
34381.3
5490.59
16385.8
1695.38
8848.23
1251.88
3357.47
1894.74
37488.3
1266.15
889.799
11786.2
4220.91
1249.54
43.7374
2385.37
1249.22
2041.18
34832.9
1575.59
1585.63
5812.98
2341.42
2618.34
2399.28
21398.5
5157.14
1296.26
3864.56
20490.1
13652.1
2217.54
1329.43
1251.52
1375.67
2602.28
8017.98
6662.22
1347.12
8633.54
405.17
2319.03
14469.4
11117.9
3188.79
4224.09
1324.26
2924.08
3573.15
9252.59
20667
29967.9
1382.87
20087.6
1313.3
32501.8
4484.24
30960.3
1891.77
8886.05
3359.73
2003.53
7180.72
2004.37
1825
2330.93
2288.33
2004.94
4445.33
3331.14
1249.16
3882.36
4138.43
1303.1
12103.6
691.053
2307.58
1255.41
1994.32
11226
16826.8
7697.21
17042.1
21482.6
4207.2
7599.02
1252.27
2292.86
801.584
1261.19
20167.6
436.098
4645.36
16962.7
2201.07
6489.09
1386.09
1671.57
13585.8
25231.1
1373.03
11802.3
1254.13
10499.9
2246.61
2352.54
16063.7
2104.6
4114.21
3183.33
3991.27
2082.06
8323.82
6211.6
2354.26
8728.59
1255.52
11098
2009.68
12025.5
1688.67
2137.79
30186.7
4061.86
181.04
8470.05
2094.08
3466.23
2045.78
1463.5
21029.7
2309.96
7203.05
1258.25
4302.41
1691.21
8143.83
1709.23
1674.98
454.447
1726.19
1713.82
6600.24
33358
1331.57
1306.52
2190.72
4902.34
38154.7
613.682
20988.5
17059.7
14712.5
5680.34
1272.96
1750.76
1296.22
14129.1
16017
1266.07
1745.17
14930.4
6870.9
1834.33
520.844
2784.87
4332.56
13900.8
5906.47
8287.26
1544.74
1441.67
22467.4
20964.4
1723.51
1881.96
2449.05
2125.53
4421.73
1654.81
8767.31
13451.9
34372.1
2379.32
1424.17
24830.5
1550.67
1417.08
413.304
23656.3
2175.05
1903.19
1275.27
10963
2192.61
1675.35
1685.34
4264.37
1652.6
1332.4
29391.9
10118.7
1002.04
3084.35
877.8
23112.3
2151.4
1894.33
2346.43
1507.45
41994.1
2722.97
7213.23
1261.63
9881.26
24773.5
16598.9
2121.48
2446.9
2218.4
67021.6
1556.18
20580.3
5901.77
25924.4
4190.03
6972.81
23027.1
1249.8
6062.07
12365.3
1269.97
1257.92
1358.59
1379.02
18882.4
1254.22
1381.32
8568.14
2735.79
13043.7
4232.12
2151.59
1252.41
10588.6
1287.48
193.648
1378.86
7196.88
1284.73
9202.09
1317.13
2786.66
2235.95
4334.94
39899.2
50950.6
2536.06
2708.9
17306.3
2147.15
1870.37
369.875
18250.8
11485.9
3663.73
2454.64
4504.78
5478.82
3422.75
1299.54
473.094
4580.19
24390.5
24570.5
3568.58
27622.1
1069.6
1356.65
4058.16
3799.04
20609
1388.19
4911.27
1470.19
1266.5
12941.3
19374.1
1250.08
1257.29
2291.09
4246.15
4367.37
4216.52
9409.26
4994.32
1254.5
10531.5
2951.83
8594.64
2669.62
11501.5
2289.96
10619.2
3852.36
643.427
26286.5
1376.94
1316.85
3781.35
18.28
13192.6
1751.57
4949.33
2363.63
1838.96
1665.88
1539.67
5493
2199.59
4236.01
1601.05
19787.9
5365.82
8462.33
10943.1
3372.38
7320.22
8693.5
4899.27
24449.7
3496.64
1383.77
1862.96
10031.3
105.87
11604.8
1255.1
5005.5
7981.62
1396.5
3456.81
43221.7
6359.05
14941.2
1735.83
2062.12
2625.38
1751.64
2398.97
2012.76
3605.89
4152.6
38276.9
14342.5
2464.59
3392.47
154.985
1420.16
34754
2359.32
1712.33
22883.1
2305.83
16911.8
18609.2
1242.09
5526.77
14802.7
1491.66
2061.45
1257.4
1727.85
2249
5374.91
1262.33
605.538
1352.09
2391.2
8951.51
4817.2
14107.5
37288.8
2324.66
26236.1
1298.14
9669.42
2497.46
2439.45
1358.83
2481.19
5902.43
60488.2
31631.4
11971.4
1663.25
1488.57
3778.06
1282.21
9678.1
2409.16
1999.01
1895.8
1592.09
1288.42
2086.47
949.26
2204.31
23375.8
2258.34
2030.22
2120.74
43473.4
14815.8
7480.33
67.206
17743.2
36347.4
6161.34
2181.62
4253.14
1719
2270.81
10245.5
19044.9
1479.95
1293.19
29939
17347.6
46366.5
281.871
13342.3
5350.4
8906.35
1964.22
7290.94
7753.2
1375.65
4264.27
2619.04
1268.92
4223.38
1531.87
1275.92
3575.31
2276.36
29450.9
9018.31
3439.59
1919.99
807.239
8221.07
24784.6
7420.97
947.17
40088.5
34095.9
2398.81
13771.7
5353.21
2017.13
7249.15
16419.4
2017.25
1398.81
4254.79
4244.37
32960
11.3862
791.542
7407.44
7798.08
4229.42
88.6546
1300.33
33665
25841.2
1271
11846.7
2449.79
1753.09
1376.84
1704.98
3675.95
18098.1
11745.2
4324.3
2193.45
14.5527
4466.51
2196.72
32314.9
22548.6
35026.7
1148.2
159.957
11327.6
3481.41
14417.1
2028.82
3968.41
21906.4
8316.24
2763.45
6724.87
1263.65
419.152
2642.15
12620.4
1512.61
5839.74
2019.56
41098.1
81465.7
16993
12382.1
1718.43
16553.4
31437
4880.84
4444.3
17285.9
1585.1
7863.78
1324.5
47235.1
6771.69
39035.3
1658.74
11684.9
7149.49
8118.04
2225.63
30.0249
22114.9
1344.32
4079.86
2714.37
1981.53
2539.81
1949.37
1267.47
1249.83
25701.2
26460.3
22551.3
2210.19
13530.9
14269.3
19925.2
1431.38
1265.3
1294.19
13630.8
4233.19
1323.67
1253.42
1826.75
1583.02
60175.5
1312.98
1282.06
1734.21
4788.79
4229.28
36226.7
16928.6
39117.3
2882.11
2448.77
11977.7
1264.03
1333.85
1463.1
6386.18
2165.78
12320.4
1787.86
2780.98
2705.3
14541.8
4373.34
4221.95
10857.7
1335.48
1496.29
1482.89
7405.78
14395.1
1260.93
1520.17
2398.8
394.565
35686.6
2394.41
1320.44
2154.26
12499.5
7124.02
307.586
55285.6
4218.59
1596.96
1337.76
5993.73
35610.8
191.349
1978.19
2189.26
41234.7
1625.53
1289.5
1262.26
2606.84
11063.7
1440.79
4200.25
2011.9
1345.57
1421.22
16700.9
270.512
15850.3
1493.25
40161.2
4927.85
1805.6
2084.19
37480.3
1506.69
1836.41
2643.63
2032.55
1269.27
2154.6
111673
5545.14
17934.2
7002.3
5181.98
2628.8
2104.81
1949.68
14888.9
1293.63
1367.04
1259.15
1381.87
3062.02
16687.3
5631.04
4267.42
1297.26
2249.1
15726.7
1423.33
8429.95
4472.65
7878.05
58589.4
30459.3
10015.6
1673.15
3819.29
2134.95
2721.01
4495.04
10601.1
1253.9
3273.88
5939.9
5679.24
7808.43
1260.17
1250.84
10406.5
1849.38
2034.48
19972
13754.6
1307.78
658.12
21051.9
3845.47
1978.7
11920.6
4912.35
1739.81
1300.88
66334.1
1924.93
13348.2
18567.5
6580.12
19562.3
4883.59
4411.54
1398.62
2123.77
1401.64
16717.2
12312.5
43655.1
27485.6
6787.86
16244.9
27598.3
8155.82
12461.2
276.538
1826.96
4256.1
2333.28
1363
1435.18
20490.2
1251
4239.34
8543.51
1696.38
15423.3
7952.92
133.479
38247.5
2061.8
2410.78
18155.1
57209
11242.1
36855.1
22374.9
15038
4266.32
4068.89
1252.21
1431.84
1207.29
1264.99
717.02
23538.4
1403.27
33789.1
26611.3
954.133
1263.13
1715.79
1820.64
7523.36
14428.4
1252.26
41.4632
3496.4
3167.86
10813
10669.8
14382.2
8865.89
1349.77
2082.35
3129.06
2114.17
2224.49
2382.53
1431.76
4039.24
2025.6
15664.1
2334.04
1327.85
25290.1
2503.58
2994.62
4227.89
33016.8
3536.99
1838.71
1728.99
2391.9
1270.63
28986.7
4141.18
1328.93
48260.8
1732.42
5350.03
583.716
1685.42
1344.46
2952.48
9876.04
1811.7
4992.81
1259.32
1575.19
1637
4149.87
2221.32
30642.1
1258.49
13785.1
4050.77
1975
1300.49
43674.3
35125.8
7014.13
18353.5
2713.65
1350.75
9626.55
1317.62
7998.17
7211.17
43802.8
1277.73
1516.81
427.185
1330.99
1674.08
25220.4
4093.52
1251.36
2290.48
14188
1254.09
4510.11
2362.03
1492.45
4242.64
1265.32
12737.4
8954.14
1872.52
3847.81
1282.44
10373.3
177.83
611.034
1492.04
34066.5
3800.89
1294.28
25175.3
4866.18
1373.44
2939.41
405.526
1887.41
38706.2
23438.3
7792.25
1563.34
3687.86
4235.52
2230.86
16055.2
30035.1
23932.8
6437.69
1251.88
24485.8
1839.15
10614.2
1266.62
29803.3
5035.57
24738.5
27937.5
1272.13
2390.52
554.673
1273.89
17236.5
5609.64
4238.69
2662.31
1377.91
2283.64
1620.4
25717.9
47534.8
1378.55
1860.09
1840.16
5980.27
2173.87
2041.94
4309.49
22191.7
18310.8
2376.21
12300
1374.3
2611.29
3638.03
9024.03
2653.91
2632.69
268.442
1099.28
1307.2
1251.91
1282.82
1326.88
4201.65
1315.71
5047.4
1390.58
22559.9
1426.94
1429.32
2539.59
2179.71
4960.22
1250.63
1352.99
10429.6
7818.96
1283.49
409.523
36935.8
949.854
1410.62
4256.32
17650.8
1733.23
1331.77
3479.68
8961.78
2364.6
15486.7
2342.2
4468.02
9557.94
66.4625
19963.5
1973.25
2026.1
3514.32
4272.87
1269.2
2627.46
2374.14
693.668
15161.9
12838.9
13247.6
6927.53
8504.82
9082.69
9112.66
2616.16
2338.41
13088.3
44099
1527.83
16654.9
1875.39
10452.8
4919.47
1689.14
1904.38
1626.34
18623.9
15734.6
35174.1
3436.46
1256.66
5499.16
1365.76
620.654
101.541
1250.81
9366.17
974.873
33.228
2246.65
1635.41
2329.66
1089.61
26875
9505.35
27835.9
1486.3
13047.5
9092.58
6185.35
2207.84
2422.27
40001
2209.47
1360.45
2465.72
2116.41
7500.93
15379
2754.7
1406.15
4250.02
2028.6
13324.3
43864
24875.3
16020.5
12063.4
1088.22
1284.78
6187.56
26684.5
2140.33
8403.47
1725.35
138.378
3777.13
1076.04
8278.29
11115.8
1516.69
2200.53
592.627
4262.54
3465.47
299.073
2938.71
455.743
29019.5
3462.73
4118.35
1261.26
1290.73
1276.13
2128.11
12313.5
1289.56
1438.92
7496.75
1604.7
24780.1
1416.65
2105.82
1301.88
18538.1
31468.5
10478.6
4083.68
5432.02
13309.8
3722.63
1994.94
3377.53
4212.59
14025.7
4263.63
2323.69
8226.47
3514.28
16900
8698.62
32336.6
10804
