1198.72
1214.25
1187.11
1192.66
1225.13
1274.93
1207.97
1192.13
1243.37
1356.89
1300.92
1327.11
1175.08
1210.75
1214.19
1237.72
1440.22
1232.47
1188.08
1235.34
1226.03
1234.32
1192.77
1243.87
1226.56
1227.31
1338.4
1179.24
1180.39
1268.65
1229.49
1963.76
1228.71
1241.96
1331.84
1195.96
1328.4
1209.11
1266.92
1195.34
1223.51
1232.82
1174.45
1175.66
1243.78
1283.31
1323.17
1220.74
1330.97
1240.16
1329.8
1190.38
1928.75
1326.95
1182.66
1232.47
1191.01
1176.36
1263.27
1253.72
1259.12
1189.6
1253.19
1178.32
1230.34
1200.55
1248.49
1200.25
1241.57
1224.97
1325.42
1228.43
1229.01
1267.96
1214.53
1234.8
1187.36
1256.22
1280.05
2096.69
1184.68
1305.76
1178.38
1193.34
1263.67
1183.27
1334.92
1176.25
1196.56
1231.9
1326.39
1176.04
1192.52
1231.31
1231.85
1229.15
1329.97
1235.74
1332.76
1238.09
1176.35
1241.85
1193.93
1175.9
1201.46
1174.67
1239.93
1194.2
1178.54
1304.3
1186.98
1205.62
1241.24
1244.49
1232.99
1231.34
1263.1
1227.52
1315.09
1234.54
1290.68
1202.41
1274.51
1198.14
1374.61
1253.02
