# TrackLength (mm)
1954.04
1268.24
1186.46
1307.84
1379.36
1361.5
1239.94
1211.39
1254.63
1247.2
1236.46
1175.54
1234.92
1247.76
1197.93
1265.41
1249.53
1213.64
1273.74
1204.09
1214.14
1192.17
1173.02
1200.36
1238.66
1318.21
1179.71
1262.51
1235.39
1912.65
1242.23
1317.98
1487.63
1251.66
1268.29
1224.89
1212.81
1312.44
1175.92
1194.72
1859.22
1172.21
1889.29
1206.94
1195.43
1219.33
1300.55
1229.16
1241.86
1930.14
1337.02
1225.7
1186.95
1202.32
1267.75
1179.99
1227.94
1252.51
1309.46
1233.18
1232.29
1181.96
1239.64
1199.04
1218.45
1229.51
1226.26
1283.12
1196.24
1218.72
1246.49
1326.17
1471.93
1172.94
1279.79
1185.61
1233.88
1216.15
1250.23
1231.49
1181.23
1177.83
1212.09
1254.43
1257.72
1212.64
1210.07
1247.56
1180.51
1261.23
1198.48
1176.33
1189.6
1207.29
1245.05
1251.22
1186.2
1233.54
1255.65
1280.7
1174.97
2015.67
1207.64
1257.44
1212.45
1287.13
1205.01
1353.25
1261.48
1300.94
1335.02
1213.87
1266.67
1241.41
1247.09
1259.33
1207.37
1219.76
1355.34
1203.24
1216.07
1252.93
1364.03
1186.76
1216.71
1196.18
1318.68
1312.41
1183.57
1264.17
1246.54
1232.25
1220.33
1319.77
1283.8
1213.24
